4,faculty,student,senior,junior
0,0,1,0,1
1,0,1,0,1
2,0,1,0,1
3,0,1,0,1
4,0,1,0,1
5,0,1,0,1
6,0,1,0,1
7,1,0,1,0
8,0,1,0,1
9,0,1,0,1
10,0,1,0,1
11,0,1,1,0
12,0,1,0,1
13,1,0,1,0
14,0,1,0,1
15,0,1,1,0
16,0,1,0,1
17,1,0,1,0
18,0,1,1,0
19,0,1,1,0
20,0,1,0,1
21,0,1,1,0
22,0,1,0,1
23,0,1,0,1
24,0,1,0,1
25,0,1,0,1
26,0,1,0,1
27,0,1,0,1
28,0,1,0,1
29,0,1,0,1
30,1,0,1,0
31,0,1,1,0
32,0,1,1,0
33,0,1,0,1
34,0,1,0,1
35,0,1,1,0
36,1,0,1,0
37,0,1,0,1
38,1,0,1,0
39,0,1,1,0
40,0,1,0,1
41,0,1,1,0
42,0,1,0,1
43,0,1,0,1
44,0,1,1,0
45,0,1,0,1
46,0,1,0,1
47,0,1,1,0
48,0,1,0,1
49,0,1,1,0
50,0,1,0,1
51,0,1,1,0
52,0,1,0,1
53,0,1,1,0
54,0,1,0,1
55,0,1,0,1
56,0,1,0,1
57,0,1,0,1
58,0,1,0,1
59,0,1,1,0
60,0,1,0,1
61,0,1,0,1
62,0,1,0,1
63,0,1,0,1
64,0,1,0,1
65,0,1,0,1
66,0,1,1,0
67,0,1,1,0
68,0,1,0,1
69,0,1,0,1
70,0,1,0,1
71,0,1,0,1
72,0,1,0,1
73,0,1,0,1
74,0,1,1,0
75,0,1,1,0
76,0,1,1,0
77,0,1,0,1
78,0,1,0,1
79,0,1,1,0
80,0,1,1,0
81,0,1,0,1
82,0,1,0,1
83,0,1,1,0
84,0,1,0,1
85,0,1,0,1
86,0,1,0,1
87,0,1,0,1
88,0,1,0,1
89,0,1,0,1
90,0,1,0,1
91,0,1,0,1
92,0,1,1,0
93,0,1,0,1
94,0,1,0,1
95,0,1,0,1
96,0,1,0,1
97,0,1,0,1
98,0,1,1,0
99,0,1,1,0
100,0,1,0,1
101,0,1,0,1
102,0,1,1,0
103,0,1,0,1
104,0,1,0,1
105,0,1,0,1
106,0,1,1,0
107,0,1,0,1
108,0,1,1,0
109,0,1,0,1
110,0,1,0,1
111,0,1,0,1
112,0,1,1,0
113,0,1,1,0
114,0,1,1,0
115,0,1,0,1
116,0,1,1,0
117,0,1,1,0
118,0,1,1,0
119,0,1,0,1
120,0,1,0,1
121,0,1,0,1
122,0,1,1,0
123,0,1,0,1
124,0,1,0,1
125,0,1,1,0
126,0,1,0,1
127,0,1,1,0
128,0,1,0,1
129,0,1,1,0
130,0,1,0,1
131,0,1,0,1
132,0,1,0,1
133,0,1,0,1
134,0,1,0,1
135,0,1,0,1
136,0,1,0,1
137,0,1,0,1
138,0,1,0,1
139,0,1,0,1
140,0,1,0,1
141,0,1,0,1
142,0,1,0,1
143,0,1,0,1
144,0,1,0,1
145,0,1,0,1
146,0,1,0,1
147,0,1,0,1
148,0,1,0,1
149,0,1,0,1
150,0,1,0,1
151,0,1,0,1
152,0,1,0,1
153,0,1,0,1
154,0,1,0,1
155,0,1,0,1
156,0,1,0,1
157,0,1,0,1
158,0,1,0,1
159,0,1,0,1
160,0,1,0,1
161,0,1,0,1
162,0,1,0,1
163,0,1,0,1
164,0,1,0,1
165,0,1,0,1
166,0,1,0,1
167,0,1,0,1
168,0,1,0,1
169,0,1,1,0
170,0,1,0,1
171,0,1,0,1
172,0,1,0,1
173,0,1,0,1
174,0,1,0,1
175,0,1,0,1
176,0,1,0,1
177,1,0,1,0
178,0,1,0,1
179,0,1,0,1
180,0,1,0,1
181,0,1,0,1
182,0,1,0,1
183,0,1,0,1
184,0,1,0,1
185,0,1,0,1
186,0,1,0,1
187,0,1,0,1
188,0,1,0,1
189,0,1,0,1
190,0,1,0,1
191,0,1,0,1
192,0,1,0,1
193,0,1,0,1
194,0,1,0,1
195,0,1,0,1
196,0,1,0,1
197,0,1,0,1
198,0,1,0,1
199,0,1,0,1
200,0,1,0,1
201,0,1,0,1
202,0,1,0,1
203,0,1,0,1
204,0,1,0,1
205,0,1,0,1
206,0,1,0,1
207,0,1,0,1
208,0,1,0,1
209,0,1,0,1
210,0,1,0,1
211,0,1,0,1
212,0,1,0,1
213,0,1,0,1
214,0,1,0,1
215,0,1,0,1
216,0,1,0,1
217,0,1,0,1
218,0,1,0,1
219,0,1,0,1
220,0,1,0,1
221,0,1,0,1
222,0,1,0,1
223,0,1,0,1
224,0,1,0,1
225,0,1,0,1
226,0,1,0,1
227,0,1,0,1
228,0,1,0,1
229,0,1,0,1
230,0,1,0,1
231,0,1,0,1
232,0,1,0,1
233,0,1,0,1
234,0,1,0,1
235,0,1,0,1
236,0,1,0,1
237,0,1,0,1
238,0,1,0,1
239,0,1,0,1
240,0,1,0,1
241,0,1,0,1
242,0,1,0,1
243,0,1,0,1
244,0,1,0,1
245,0,1,0,1
246,0,1,0,1
247,0,1,0,1
248,0,1,0,1
249,0,1,0,1
250,0,1,0,1
251,0,1,1,0
252,0,1,0,1
253,0,1,0,1
254,0,1,1,0
255,0,1,0,1
256,0,1,0,1
257,0,1,0,1
258,0,1,0,1
259,0,1,0,1
260,0,1,0,1
261,0,1,1,0
262,0,1,0,1
263,0,1,0,1
264,0,1,0,1
265,0,1,0,1
266,0,1,0,1
267,0,1,0,1
268,0,1,0,1
269,0,1,0,1
270,0,1,0,1
271,0,1,0,1
272,0,1,0,1
273,0,1,0,1
274,0,1,0,1
275,0,1,0,1
276,0,1,0,1
277,0,1,0,1
278,0,1,0,1
279,0,1,0,1
280,0,1,1,0
281,0,1,0,1
282,0,1,0,1
283,0,1,0,1
284,0,1,0,1
285,0,1,0,1
286,0,1,0,1
287,0,1,0,1
288,0,1,1,0
289,0,1,1,0
290,0,1,0,1
291,0,1,0,1
292,0,1,0,1
293,0,1,0,1
294,0,1,0,1
295,0,1,0,1
296,0,1,0,1
297,0,1,0,1
298,0,1,0,1
299,0,1,0,1
300,0,1,0,1
301,1,0,1,0
302,0,1,0,1
303,0,1,0,1
304,0,1,0,1
305,0,1,1,0
306,0,1,0,1
307,0,1,0,1
308,0,1,0,1
309,0,1,0,1
310,0,1,0,1
311,0,1,0,1
312,0,1,0,1
313,0,1,0,1
314,0,1,0,1
315,0,1,0,1
316,0,1,0,1
317,0,1,0,1
318,0,1,0,1
319,0,1,0,1
320,0,1,0,1
321,0,1,0,1
322,0,1,0,1
323,0,1,0,1
324,0,1,0,1
325,0,1,0,1
326,0,1,0,1
327,0,1,0,1
328,0,1,0,1
329,0,1,0,1
330,0,1,0,1
331,0,1,0,1
332,0,1,0,1
333,0,1,0,1
334,0,1,0,1
335,0,1,0,1
336,0,1,0,1
337,0,1,1,0
338,0,1,0,1
339,0,1,0,1
340,0,1,0,1
341,0,1,0,1
342,0,1,0,1
343,0,1,0,1
344,0,1,0,1
345,0,1,0,1
346,0,1,0,1
347,0,1,0,1
348,0,1,0,1
349,0,1,0,1
350,0,1,0,1
351,0,1,0,1
352,0,1,0,1
353,0,1,0,1
354,0,1,0,1
355,0,1,0,1
356,0,1,1,0
357,0,1,0,1
358,0,1,0,1
359,0,1,0,1
360,0,1,0,1
361,0,1,0,1
362,0,1,1,0
363,0,1,0,1
364,0,1,0,1
365,0,1,0,1
366,0,1,0,1
367,0,1,0,1
368,0,1,0,1
369,0,1,0,1
370,0,1,0,1
371,0,1,0,1
372,0,1,0,1
373,0,1,0,1
374,0,1,0,1
375,0,1,0,1
376,0,1,0,1
377,0,1,0,1
378,0,1,0,1
379,0,1,0,1
380,0,1,0,1
381,0,1,0,1
382,0,1,0,1
383,0,1,0,1
384,0,1,0,1
385,0,1,0,1
386,0,1,0,1
387,0,1,0,1
388,0,1,0,1
389,0,1,0,1
390,0,1,0,1
391,0,1,0,1
392,0,1,0,1
393,0,1,0,1
394,0,1,0,1
395,0,1,0,1
396,0,1,0,1
397,0,1,0,1
398,0,1,0,1
399,0,1,0,1
400,0,1,0,1
401,0,1,0,1
402,0,1,0,1
403,0,1,0,1
404,0,1,0,1
405,0,1,0,1
406,0,1,0,1
407,0,1,0,1
408,0,1,0,1
409,0,1,0,1
410,0,1,0,1
411,0,1,0,1
412,0,1,1,0
413,0,1,0,1
414,0,1,0,1
415,0,1,0,1
416,0,1,0,1
417,0,1,0,1
418,1,0,1,0
419,0,1,0,1
420,0,1,0,1
421,0,1,0,1
422,0,1,0,1
423,0,1,0,1
424,0,1,0,1
425,0,1,0,1
426,0,1,0,1
427,0,1,0,1
428,0,1,0,1
429,0,1,0,1
430,0,1,0,1
431,0,1,0,1
432,0,1,0,1
433,0,1,0,1
434,0,1,0,1
435,0,1,0,1
436,0,1,0,1
437,0,1,0,1
438,0,1,0,1
439,0,1,0,1
440,0,1,0,1
441,0,1,0,1
442,0,1,0,1
443,0,1,0,1
444,0,1,0,1
445,0,1,0,1
446,0,1,0,1
447,0,1,1,0
448,0,1,0,1
449,0,1,0,1
450,0,1,0,1
451,0,1,0,1
452,0,1,0,1
453,0,1,0,1
454,0,1,0,1
455,0,1,0,1
456,0,1,0,1
457,0,1,0,1
458,1,0,1,0
459,0,1,0,1
460,0,1,0,1
461,0,1,0,1
462,0,1,0,1
463,0,1,0,1
464,0,1,0,1
465,0,1,0,1
466,0,1,1,0
467,0,1,0,1
468,0,1,0,1
469,0,1,0,1
470,0,1,0,1
471,0,1,0,1
472,0,1,0,1
473,0,1,0,1
474,0,1,0,1
475,0,1,0,1
476,0,1,0,1
477,0,1,0,1
478,0,1,0,1
479,0,1,0,1
480,0,1,0,1
481,0,1,0,1
482,0,1,0,1
483,0,1,0,1
484,0,1,0,1
485,0,1,0,1
486,0,1,0,1
487,0,1,0,1
488,0,1,0,1
489,0,1,0,1
490,0,1,1,0
491,0,1,0,1
492,0,1,0,1
493,0,1,0,1
494,0,1,0,1
495,0,1,0,1
496,0,1,0,1
497,0,1,0,1
498,0,1,0,1
499,0,1,0,1
500,0,1,0,1
501,0,1,0,1
502,0,1,0,1
503,0,1,0,1
504,0,1,0,1
505,0,1,0,1
506,0,1,0,1
507,1,0,1,0
508,0,1,0,1
509,0,1,0,1
510,0,1,0,1
511,0,1,0,1
512,0,1,0,1
513,0,1,0,1
514,0,1,0,1
515,0,1,0,1
516,0,1,0,1
517,0,1,0,1
518,0,1,0,1
519,0,1,0,1
520,0,1,0,1
521,0,1,0,1
522,0,1,0,1
523,0,1,0,1
524,0,1,0,1
525,0,1,1,0
526,0,1,0,1
527,0,1,0,1
528,0,1,0,1
529,0,1,0,1
530,0,1,0,1
531,0,1,0,1
532,0,1,0,1
533,0,1,0,1
534,0,1,0,1
535,0,1,0,1
536,0,1,0,1
537,0,1,0,1
538,0,1,0,1
539,0,1,0,1
540,0,1,0,1
541,0,1,0,1
542,0,1,0,1
543,0,1,0,1
544,0,1,0,1
545,0,1,0,1
546,0,1,0,1
547,0,1,1,0
548,0,1,0,1
549,0,1,0,1
550,0,1,0,1
551,0,1,0,1
552,0,1,0,1
553,0,1,0,1
554,0,1,0,1
555,0,1,0,1
556,0,1,0,1
557,0,1,0,1
558,0,1,0,1
559,0,1,0,1
560,0,1,0,1
561,0,1,0,1
562,0,1,0,1
563,0,1,0,1
564,0,1,0,1
565,0,1,0,1
566,0,1,0,1
567,0,1,0,1
568,0,1,0,1
569,0,1,0,1
570,0,1,0,1
571,0,1,0,1
572,0,1,0,1
573,0,1,0,1
574,0,1,0,1
575,0,1,1,0
576,0,1,0,1
577,0,1,0,1
578,0,1,0,1
579,0,1,1,0
580,0,1,0,1
581,0,1,0,1
582,0,1,0,1
583,0,1,0,1
584,0,1,0,1
585,0,1,0,1
586,0,1,0,1
587,0,1,1,0
588,0,1,0,1
589,0,1,0,1
590,0,1,0,1
591,0,1,0,1
592,0,1,0,1
593,0,1,0,1
594,0,1,0,1
595,0,1,0,1
596,0,1,0,1
597,0,1,0,1
598,0,1,0,1
599,0,1,0,1
600,0,1,0,1
601,0,1,0,1
602,0,1,0,1
603,0,1,0,1
604,0,1,0,1
605,0,1,1,0
606,0,1,0,1
607,0,1,0,1
608,0,1,0,1
609,0,1,0,1
610,0,1,0,1
611,0,1,0,1
612,0,1,1,0
613,0,1,0,1
614,0,1,0,1
615,0,1,0,1
616,0,1,0,1
617,0,1,0,1
618,0,1,0,1
619,0,1,0,1
620,0,1,0,1
621,0,1,0,1
622,0,1,0,1
623,0,1,0,1
624,0,1,0,1
625,0,1,0,1
626,0,1,0,1
627,0,1,0,1
628,0,1,0,1
629,0,1,0,1
630,0,1,0,1
631,0,1,1,0
632,0,1,0,1
633,0,1,0,1
634,0,1,0,1
635,0,1,0,1
636,0,1,1,0
637,0,1,0,1
638,0,1,0,1
639,0,1,0,1
640,0,1,0,1
641,0,1,0,1
642,0,1,0,1
643,0,1,0,1
644,0,1,0,1
645,0,1,0,1
646,0,1,0,1
647,0,1,0,1
648,0,1,0,1
649,0,1,0,1
650,0,1,0,1
651,0,1,0,1
652,0,1,0,1
653,0,1,0,1
654,0,1,0,1
655,0,1,0,1
656,0,1,0,1
657,0,1,0,1
658,0,1,1,0
659,0,1,0,1
660,0,1,0,1
661,0,1,0,1
662,0,1,0,1
663,0,1,0,1
664,0,1,0,1
665,0,1,0,1
666,0,1,0,1
667,0,1,0,1
668,0,1,0,1
669,0,1,0,1
670,0,1,0,1
671,0,1,0,1
672,0,1,1,0
673,0,1,0,1
674,0,1,0,1
675,0,1,0,1
676,0,1,0,1
677,0,1,0,1
678,0,1,1,0
679,0,1,0,1
680,0,1,0,1
681,0,1,0,1
682,0,1,0,1
683,0,1,0,1
684,0,1,0,1
685,0,1,0,1
686,0,1,0,1
687,0,1,0,1
688,0,1,0,1
689,0,1,0,1
690,0,1,0,1
691,0,1,0,1
692,0,1,0,1
693,1,0,1,0
694,0,1,0,1
695,0,1,0,1
696,0,1,0,1
697,0,1,0,1
698,0,1,0,1
699,0,1,0,1
700,0,1,0,1
701,0,1,0,1
702,0,1,0,1
703,0,1,0,1
704,0,1,0,1
705,0,1,0,1
706,0,1,0,1
707,0,1,0,1
708,0,1,0,1
709,0,1,0,1
710,0,1,0,1
711,0,1,0,1
712,0,1,0,1
713,0,1,0,1
714,0,1,0,1
715,0,1,0,1
716,0,1,0,1
717,0,1,0,1
718,0,1,0,1
719,0,1,0,1
720,0,1,0,1
721,0,1,0,1
722,0,1,0,1
723,0,1,0,1
724,0,1,0,1
725,0,1,0,1
726,0,1,0,1
727,0,1,0,1
728,0,1,0,1
729,0,1,0,1
730,0,1,0,1
731,0,1,0,1
732,0,1,0,1
733,1,0,0,1
734,0,1,0,1
735,0,1,0,1
736,0,1,0,1
737,0,1,0,1
738,0,1,0,1
739,0,1,0,1
740,0,1,1,0
741,1,0,1,0
742,0,1,0,1
743,0,1,0,1
744,0,1,0,1
745,0,1,0,1
746,0,1,0,1
747,0,1,0,1
748,0,1,0,1
749,0,1,0,1
750,0,1,0,1
751,0,1,0,1
752,0,1,0,1
753,0,1,0,1
754,0,1,0,1
755,0,1,0,1
756,0,1,0,1
757,0,1,0,1
758,0,1,0,1
759,0,1,0,1
760,0,1,0,1
761,0,1,0,1
762,0,1,0,1
763,0,1,1,0
764,0,1,0,1
765,0,1,1,0
766,0,1,0,1
767,0,1,0,1
768,0,1,0,1
769,0,1,0,1
770,0,1,0,1
771,0,1,0,1
772,0,1,0,1
773,0,1,0,1
774,0,1,0,1
775,0,1,0,1
776,0,1,0,1
777,0,1,0,1
778,0,1,0,1
779,0,1,0,1
780,0,1,0,1
781,0,1,0,1
782,0,1,0,1
783,0,1,0,1
784,0,1,0,1
785,0,1,0,1
786,0,1,0,1
787,0,1,0,1
788,0,1,0,1
789,0,1,0,1
790,0,1,0,1
791,0,1,0,1
792,0,1,0,1
793,0,1,0,1
794,0,1,0,1
795,0,1,0,1
796,0,1,0,1
797,0,1,0,1
798,0,1,0,1
799,0,1,0,1
800,0,1,0,1
801,0,1,0,1
802,0,1,0,1
803,0,1,0,1
804,0,1,0,1
805,0,1,0,1
806,0,1,0,1
807,0,1,0,1
808,0,1,0,1
809,0,1,0,1
810,0,1,0,1
811,0,1,0,1
812,0,1,0,1
813,0,1,0,1
814,0,1,0,1
815,0,1,0,1
816,0,1,0,1
817,0,1,0,1
818,0,1,0,1
819,0,1,0,1
820,0,1,0,1
821,0,1,0,1
822,0,1,1,0
823,0,1,0,1
824,0,1,0,1
825,0,1,0,1
826,0,1,0,1
827,0,1,0,1
828,0,1,0,1
829,0,1,0,1
830,0,1,0,1
831,0,1,0,1
832,0,1,0,1
833,0,1,0,1
834,0,1,0,1
835,0,1,0,1
836,0,1,0,1
837,0,1,0,1
838,0,1,0,1
839,0,1,0,1
840,0,1,0,1
841,0,1,0,1
842,0,1,0,1
843,0,1,0,1
844,0,1,0,1
845,0,1,0,1
846,0,1,0,1
847,0,1,0,1
848,0,1,0,1
849,0,1,0,1
850,0,1,0,1
851,0,1,0,1
852,0,1,0,1
853,0,1,0,1
854,0,1,0,1
855,0,1,0,1
856,0,1,0,1
857,1,0,1,0
858,0,1,0,1
859,0,1,0,1
860,0,1,0,1
861,0,1,0,1
862,0,1,0,1
863,0,1,0,1
864,0,1,0,1
865,0,1,0,1
866,0,1,0,1
867,0,1,0,1
868,0,1,0,1
869,0,1,0,1
870,0,1,0,1
871,0,1,0,1
872,0,1,0,1
873,0,1,0,1
874,0,1,1,0
875,0,1,0,1
876,0,1,0,1
877,0,1,0,1
878,0,1,1,0
879,0,1,0,1
880,0,1,0,1
881,0,1,0,1
882,0,1,0,1
883,0,1,0,1
884,0,1,0,1
885,0,1,0,1
886,0,1,0,1
887,0,1,0,1
888,0,1,0,1
889,0,1,0,1
890,0,1,0,1
891,0,1,0,1
892,0,1,0,1
893,0,1,0,1
894,0,1,0,1
895,0,1,0,1
896,0,1,0,1
897,0,1,0,1
898,0,1,0,1
899,0,1,0,1
900,0,1,0,1
901,0,1,0,1
902,0,1,0,1
903,0,1,0,1
904,0,1,0,1
905,0,1,0,1
906,0,1,0,1
907,0,1,0,1
908,0,1,0,1
909,0,1,0,1
910,0,1,0,1
911,0,1,0,1
912,0,1,0,1
913,0,1,0,1
914,0,1,0,1
915,0,1,0,1
916,1,0,1,0
917,0,1,0,1
918,0,1,0,1
919,0,1,0,1
920,0,1,0,1
921,0,1,0,1
922,0,1,0,1
923,0,1,0,1
924,0,1,0,1
925,0,1,0,1
926,0,1,0,1
927,0,1,0,1
928,0,1,0,1
929,0,1,0,1
930,0,1,0,1
931,0,1,0,1
932,0,1,0,1
933,0,1,0,1
934,0,1,0,1
935,0,1,0,1
936,0,1,0,1
937,0,1,0,1
938,0,1,0,1
939,0,1,0,1
940,0,1,0,1
941,0,1,0,1
942,0,1,0,1
943,0,1,0,1
944,0,1,0,1
945,0,1,0,1
946,0,1,0,1
947,0,1,0,1
948,0,1,0,1
949,0,1,0,1
950,0,1,0,1
951,0,1,0,1
952,0,1,0,1
953,0,1,0,1
954,0,1,0,1
955,0,1,0,1
956,0,1,0,1
957,0,1,0,1
958,0,1,0,1
959,0,1,0,1
960,0,1,0,1
961,0,1,0,1
962,0,1,0,1
963,0,1,0,1
964,0,1,0,1
965,0,1,0,1
966,0,1,0,1
967,0,1,0,1
968,0,1,0,1
969,0,1,0,1
970,0,1,0,1
971,0,1,0,1
972,0,1,0,1
973,0,1,0,1
974,0,1,0,1
975,0,1,0,1
976,0,1,0,1
977,0,1,0,1
978,0,1,0,1
979,0,1,0,1
980,0,1,0,1
981,0,1,1,0
982,0,1,0,1
983,0,1,0,1
984,0,1,0,1
985,0,1,0,1
986,0,1,0,1
987,0,1,0,1
988,0,1,0,1
989,0,1,0,1
990,0,1,0,1
991,0,1,0,1
992,0,1,0,1
993,0,1,0,1
994,0,1,0,1
995,0,1,0,1
996,0,1,0,1
997,0,1,0,1
998,0,1,0,1
999,0,1,0,1
1000,0,1,0,1
1001,0,1,0,1
1002,0,1,0,1
1003,0,1,0,1
1004,0,1,0,1
1005,0,1,0,1
1006,0,1,1,0
1007,0,1,0,1
1008,0,1,1,0
1009,0,1,0,1
1010,0,1,0,1
1011,0,1,0,1
1012,0,1,1,0
1013,0,1,0,1
1014,0,1,0,1
1015,0,1,0,1
1016,0,1,0,1
1017,0,1,0,1
1018,0,1,0,1
1019,0,1,0,1
1020,1,0,0,1
1021,0,1,0,1
1022,0,1,0,1
1023,0,1,0,1
1024,0,1,0,1
1025,0,1,0,1
1026,0,1,0,1
1027,0,1,1,0
1028,0,1,0,1
1029,0,1,0,1
1030,0,1,0,1
1031,0,1,1,0
1032,0,1,0,1
1033,0,1,1,0
1034,0,1,0,1
1035,0,1,0,1
1036,0,1,1,0
1037,0,1,0,1
1038,0,1,0,1
1039,0,1,0,1
1040,0,1,0,1
1041,0,1,0,1
1042,0,1,0,1
1043,1,0,1,0
1044,0,1,0,1
1045,0,1,1,0
1046,0,1,0,1
1047,0,1,1,0
1048,0,1,0,1
1049,0,1,0,1
1050,0,1,0,1
1051,0,1,0,1
1052,1,0,1,0
1053,0,1,0,1
1054,0,1,0,1
1055,0,1,0,1
1056,0,1,1,0
1057,1,0,1,0
1058,0,1,0,1
1059,1,0,1,0
1060,0,1,0,1
1061,0,1,0,1
1062,0,1,0,1
1063,0,1,0,1
1064,0,1,0,1
1065,0,1,0,1
1066,0,1,0,1
1067,1,0,1,0
1068,0,1,0,1
1069,0,1,0,1
1070,0,1,0,1
1071,0,1,0,1
1072,0,1,0,1
1073,0,1,0,1
1074,0,1,0,1
1075,0,1,0,1
1076,0,1,0,1
1077,0,1,1,0
1078,0,1,1,0
1079,0,1,0,1
1080,0,1,0,1
1081,0,1,0,1
1082,0,1,0,1
1083,0,1,0,1
1084,0,1,0,1
1085,0,1,0,1
1086,0,1,0,1
1087,0,1,0,1
1088,0,1,0,1
1089,0,1,0,1
1090,0,1,0,1
1091,0,1,0,1
1092,0,1,0,1
1093,0,1,0,1
1094,0,1,0,1
1095,0,1,0,1
1096,0,1,1,0
1097,0,1,0,1
1098,0,1,0,1
1099,0,1,1,0
1100,0,1,0,1
1101,0,1,0,1
1102,0,1,0,1
1103,0,1,0,1
1104,0,1,0,1
1105,0,1,0,1
1106,0,1,0,1
1107,0,1,0,1
1108,0,1,0,1
1109,0,1,0,1
1110,0,1,0,1
1111,0,1,0,1
1112,0,1,0,1
1113,0,1,0,1
1114,0,1,0,1
1115,0,1,0,1
1116,0,1,0,1
1117,1,0,1,0
1118,0,1,0,1
1119,0,1,0,1
1120,1,0,1,0
1121,0,1,0,1
1122,0,1,0,1
1123,0,1,1,0
1124,0,1,0,1
1125,0,1,0,1
1126,0,1,0,1
1127,0,1,0,1
1128,0,1,0,1
1129,0,1,0,1
1130,0,1,0,1
1131,0,1,0,1
1132,0,1,0,1
1133,0,1,0,1
1134,0,1,0,1
1135,0,1,0,1
1136,0,1,0,1
1137,0,1,0,1
1138,0,1,1,0
1139,0,1,0,1
1140,0,1,0,1
1141,0,1,0,1
1142,0,1,0,1
1143,0,1,0,1
1144,0,1,1,0
1145,0,1,0,1
1146,0,1,0,1
1147,0,1,0,1
1148,0,1,0,1
1149,0,1,0,1
1150,0,1,0,1
1151,0,1,0,1
1152,0,1,0,1
1153,0,1,0,1
1154,0,1,0,1
1155,0,1,0,1
1156,0,1,0,1
1157,0,1,0,1
1158,0,1,0,1
1159,0,1,0,1
1160,0,1,0,1
1161,0,1,0,1
1162,0,1,0,1
1163,0,1,0,1
1164,0,1,0,1
1165,0,1,0,1
1166,0,1,0,1
1167,0,1,0,1
1168,0,1,0,1
1169,0,1,0,1
1170,0,1,0,1
1171,0,1,0,1
1172,0,1,0,1
1173,0,1,0,1
1174,0,1,0,1
1175,0,1,0,1
1176,0,1,0,1
1177,0,1,0,1
1178,0,1,1,0
1179,1,0,1,0
1180,0,1,0,1
1181,0,1,1,0
1182,0,1,0,1
1183,0,1,0,1
1184,0,1,0,1
1185,0,1,0,1
1186,1,0,1,0
1187,0,1,0,1
1188,0,1,0,1
1189,0,1,1,0
1190,0,1,0,1
1191,0,1,1,0
1192,0,1,0,1
1193,0,1,0,1
1194,0,1,0,1
1195,0,1,0,1
1196,0,1,0,1
1197,1,0,1,0
1198,0,1,0,1
1199,0,1,1,0
1200,0,1,1,0
1201,0,1,0,1
1202,0,1,1,0
1203,0,1,0,1
1204,0,1,0,1
1205,0,1,1,0
1206,0,1,1,0
1207,0,1,0,1
1208,0,1,1,0
1209,0,1,0,1
1210,0,1,0,1
1211,1,0,1,0
1212,0,1,0,1
1213,0,1,0,1
1214,0,1,1,0
1215,0,1,1,0
1216,1,0,1,0
1217,0,1,0,1
1218,0,1,0,1
1219,0,1,0,1
1220,0,1,0,1
1221,0,1,0,1
1222,0,1,1,0
1223,0,1,1,0
1224,0,1,0,1
1225,0,1,0,1
1226,0,1,0,1
1227,0,1,0,1
1228,0,1,0,1
1229,0,1,0,1
1230,0,1,0,1
1231,0,1,0,1
1232,0,1,0,1
1233,0,1,0,1
1234,0,1,1,0
1235,0,1,0,1
1236,0,1,1,0
1237,0,1,1,0
1238,0,1,0,1
1239,0,1,1,0
1240,0,1,0,1
1241,0,1,0,1
1242,0,1,0,1
1243,0,1,0,1
1244,0,1,0,1
1245,0,1,0,1
1246,0,1,1,0
1247,0,1,1,0
1248,0,1,0,1
1249,1,0,1,0
1250,0,1,0,1
1251,0,1,0,1
1252,0,1,0,1
1253,0,1,1,0
1254,0,1,0,1
1255,0,1,0,1
1256,0,1,0,1
1257,0,1,1,0
1258,0,1,0,1
1259,0,1,0,1
1260,0,1,0,1
1261,0,1,1,0
1262,0,1,0,1
1263,1,0,1,0
1264,0,1,0,1
1265,0,1,0,1
1266,0,1,0,1
1267,0,1,0,1
1268,0,1,0,1
1269,0,1,0,1
1270,0,1,0,1
1271,0,1,0,1
1272,0,1,0,1
1273,0,1,0,1
1274,0,1,1,0
1275,0,1,1,0
1276,0,1,0,1
1277,0,1,0,1
1278,0,1,0,1
1279,0,1,0,1
1280,0,1,1,0
1281,1,0,1,0
1282,0,1,0,1
1283,0,1,0,1
1284,0,1,0,1
1285,0,1,0,1
1286,0,1,0,1
1287,1,0,1,0
1288,0,1,0,1
1289,1,0,1,0
1290,0,1,1,0
1291,0,1,0,1
1292,1,0,1,0
1293,0,1,1,0
1294,1,0,1,0
1295,1,0,1,0
1296,0,1,0,1
1297,0,1,0,1
1298,0,1,0,1
1299,0,1,0,1
1300,0,1,1,0
1301,0,1,1,0
1302,0,1,0,1
1303,1,0,1,0
1304,1,0,1,0
1305,1,0,1,0
1306,0,1,1,0
1307,0,1,0,1
1308,0,1,0,1
1309,0,1,1,0
1310,0,1,1,0
1311,0,1,0,1
1312,0,1,0,1
1313,0,1,1,0
1314,0,1,0,1
1315,0,1,0,1
1316,0,1,0,1
1317,0,1,0,1
1318,0,1,0,1
1319,0,1,0,1
1320,0,1,1,0
1321,0,1,0,1
1322,0,1,1,0
1323,0,1,1,0
1324,0,1,0,1
1325,0,1,0,1
1326,0,1,0,1
1327,0,1,0,1
1328,0,1,0,1
1329,0,1,0,1
1330,0,1,0,1
1331,1,0,1,0
1332,0,1,1,0
1333,0,1,0,1
1334,1,0,1,0
1335,0,1,0,1
1336,0,1,1,0
1337,0,1,0,1
1338,0,1,0,1
1339,0,1,0,1
1340,0,1,0,1
1341,0,1,0,1
1342,0,1,0,1
1343,0,1,0,1
1344,0,1,1,0
1345,0,1,0,1
1346,0,1,0,1
1347,0,1,0,1
1348,0,1,0,1
1349,0,1,0,1
1350,0,1,0,1
1351,0,1,0,1
1352,0,1,0,1
1353,0,1,1,0
1354,0,1,0,1
1355,0,1,0,1
1356,0,1,0,1
1357,0,1,0,1
1358,0,1,0,1
1359,0,1,0,1
1360,0,1,0,1
1361,0,1,0,1
1362,0,1,1,0
1363,0,1,0,1
1364,0,1,0,1
1365,0,1,1,0
1366,0,1,0,1
1367,0,1,0,1
1368,0,1,0,1
1369,0,1,0,1
1370,0,1,0,1
1371,0,1,0,1
1372,0,1,0,1
1373,0,1,1,0
1374,0,1,1,0
1375,0,1,0,1
1376,0,1,0,1
1377,0,1,0,1
1378,0,1,0,1
1379,0,1,0,1
1380,0,1,0,1
1381,0,1,0,1
1382,0,1,0,1
1383,0,1,0,1
1384,0,1,0,1
1385,0,1,0,1
1386,0,1,0,1
1387,0,1,0,1
1388,0,1,0,1
1389,0,1,0,1
1390,0,1,0,1
1391,0,1,0,1
1392,0,1,0,1
1393,0,1,0,1
1394,0,1,0,1
1395,0,1,0,1
1396,0,1,0,1
1397,0,1,0,1
1398,0,1,0,1
1399,0,1,1,0
1400,0,1,0,1
1401,0,1,0,1
1402,0,1,0,1
1403,0,1,0,1
1404,0,1,0,1
1405,0,1,0,1
1406,0,1,0,1
1407,0,1,0,1
1408,0,1,0,1
1409,0,1,0,1
1410,0,1,0,1
1411,0,1,0,1
1412,0,1,1,0
1413,0,1,0,1
1414,0,1,0,1
1415,0,1,0,1
1416,0,1,0,1
1417,0,1,0,1
1418,0,1,0,1
1419,0,1,1,0
1420,0,1,0,1
1421,0,1,0,1
1422,0,1,0,1
1423,0,1,0,1
1424,0,1,0,1
1425,0,1,0,1
1426,0,1,0,1
1427,0,1,0,1
1428,0,1,0,1
1429,0,1,0,1
1430,0,1,0,1
1431,0,1,1,0
1432,0,1,1,0
1433,0,1,0,1
1434,0,1,0,1
1435,0,1,0,1
1436,0,1,0,1
1437,0,1,0,1
1438,0,1,0,1
1439,0,1,0,1
1440,0,1,1,0
1441,0,1,0,1
1442,0,1,0,1
1443,0,1,0,1
1444,0,1,0,1
1445,0,1,0,1
1446,0,1,0,1
1447,0,1,0,1
1448,0,1,0,1
1449,0,1,0,1
1450,0,1,0,1
1451,0,1,0,1
1452,0,1,0,1
1453,0,1,0,1
1454,0,1,0,1
1455,0,1,0,1
1456,0,1,0,1
1457,0,1,0,1
1458,0,1,0,1
1459,0,1,0,1
1460,0,1,0,1
1461,0,1,0,1
1462,0,1,0,1
1463,0,1,0,1
1464,0,1,0,1
1465,0,1,0,1
1466,0,1,0,1
1467,0,1,0,1
1468,0,1,0,1
1469,0,1,0,1
1470,0,1,0,1
1471,0,1,0,1
1472,0,1,0,1
1473,0,1,0,1
1474,0,1,0,1
1475,0,1,0,1
1476,0,1,0,1
1477,0,1,0,1
1478,0,1,0,1
1479,0,1,0,1
1480,0,1,1,0
1481,0,1,0,1
1482,0,1,0,1
1483,0,1,1,0
1484,0,1,0,1
1485,0,1,0,1
1486,0,1,0,1
1487,0,1,1,0
1488,0,1,0,1
1489,0,1,0,1
1490,0,1,1,0
1491,0,1,1,0
1492,0,1,0,1
1493,0,1,0,1
1494,0,1,0,1
1495,0,1,0,1
1496,0,1,0,1
1497,0,1,0,1
1498,0,1,1,0
1499,0,1,1,0
1500,1,0,1,0
1501,0,1,1,0
1502,0,1,0,1
1503,0,1,1,0
1504,0,1,0,1
1505,0,1,0,1
1506,1,0,1,0
1507,0,1,0,1
1508,0,1,0,1
1509,0,1,0,1
1510,0,1,0,1
1511,0,1,0,1
1512,1,0,1,0
1513,0,1,0,1
1514,0,1,0,1
1515,0,1,0,1
1516,0,1,0,1
1517,0,1,0,1
1518,0,1,0,1
1519,0,1,0,1
1520,0,1,0,1
1521,0,1,0,1
1522,0,1,1,0
1523,1,0,1,0
1524,0,1,0,1
1525,0,1,1,0
1526,0,1,0,1
1527,0,1,0,1
1528,0,1,1,0
1529,0,1,0,1
1530,0,1,1,0
1531,0,1,0,1
1532,0,1,1,0
1533,0,1,0,1
1534,0,1,0,1
1535,0,1,0,1
1536,0,1,0,1
1537,0,1,0,1
1538,0,1,0,1
1539,0,1,0,1
1540,0,1,0,1
1541,0,1,0,1
1542,0,1,0,1
1543,0,1,0,1
1544,0,1,0,1
1545,0,1,0,1
1546,0,1,0,1
1547,0,1,0,1
1548,0,1,0,1
1549,0,1,0,1
1550,0,1,0,1
1551,0,1,0,1
1552,1,0,1,0
1553,0,1,0,1
1554,0,1,0,1
1555,0,1,0,1
1556,0,1,0,1
1557,0,1,0,1
1558,0,1,0,1
1559,0,1,0,1
1560,0,1,0,1
1561,0,1,0,1
1562,0,1,0,1
1563,0,1,0,1
1564,0,1,1,0
1565,0,1,0,1
1566,0,1,0,1
1567,0,1,0,1
1568,0,1,1,0
1569,0,1,0,1
1570,0,1,0,1
1571,0,1,0,1
1572,0,1,1,0
1573,0,1,1,0
1574,0,1,0,1
1575,1,0,1,0
1576,0,1,0,1
1577,0,1,0,1
1578,0,1,1,0
1579,0,1,0,1
1580,0,1,0,1
1581,0,1,1,0
1582,0,1,0,1
1583,0,1,0,1
1584,0,1,0,1
1585,0,1,0,1
1586,0,1,0,1
1587,0,1,0,1
1588,0,1,1,0
1589,0,1,0,1
1590,0,1,0,1
1591,0,1,0,1
1592,0,1,1,0
1593,0,1,0,1
1594,0,1,0,1
1595,0,1,0,1
1596,0,1,0,1
1597,0,1,0,1
1598,0,1,1,0
1599,0,1,1,0
1600,0,1,0,1
1601,0,1,0,1
1602,0,1,0,1
1603,1,0,1,0
1604,0,1,0,1
1605,0,1,0,1
1606,0,1,0,1
1607,0,1,0,1
1608,0,1,0,1
1609,0,1,0,1
1610,0,1,0,1
1611,0,1,0,1
1612,0,1,0,1
1613,0,1,1,0
1614,0,1,1,0
1615,0,1,0,1
1616,0,1,0,1
1617,0,1,0,1
1618,0,1,0,1
1619,0,1,0,1
1620,0,1,0,1
1621,0,1,0,1
1622,0,1,0,1
1623,0,1,0,1
1624,0,1,0,1
1625,0,1,1,0
1626,0,1,0,1
1627,0,1,0,1
1628,0,1,0,1
1629,0,1,0,1
1630,0,1,0,1
1631,0,1,0,1
1632,0,1,0,1
1633,0,1,0,1
1634,0,1,0,1
1635,0,1,0,1
1636,0,1,0,1
1637,0,1,0,1
1638,0,1,0,1
1639,0,1,0,1
1640,0,1,0,1
1641,0,1,1,0
1642,0,1,0,1
1643,0,1,0,1
1644,0,1,0,1
1645,0,1,0,1
1646,0,1,0,1
1647,0,1,0,1
1648,0,1,1,0
1649,0,1,0,1
1650,0,1,0,1
1651,0,1,0,1
1652,0,1,0,1
1653,0,1,0,1
1654,0,1,0,1
1655,0,1,0,1
1656,0,1,0,1
1657,0,1,0,1
1658,0,1,0,1
1659,0,1,0,1
1660,0,1,0,1
1661,0,1,0,1
1662,0,1,0,1
1663,0,1,0,1
1664,0,1,0,1
1665,0,1,0,1
1666,0,1,0,1
1667,0,1,0,1
1668,0,1,0,1
1669,0,1,0,1
1670,0,1,0,1
1671,0,1,1,0
1672,0,1,0,1
1673,0,1,0,1
1674,0,1,0,1
1675,0,1,0,1
1676,0,1,0,1
1677,0,1,0,1
1678,0,1,1,0
1679,0,1,0,1
1680,0,1,0,1
1681,0,1,0,1
1682,0,1,0,1
1683,0,1,0,1
1684,0,1,0,1
1685,0,1,1,0
1686,0,1,0,1
1687,0,1,0,1
1688,0,1,0,1
1689,0,1,0,1
1690,0,1,0,1
1691,0,1,0,1
1692,0,1,0,1
1693,0,1,1,0
1694,0,1,0,1
1695,0,1,0,1
1696,0,1,0,1
1697,0,1,0,1
1698,0,1,0,1
1699,0,1,0,1
1700,0,1,0,1
1701,0,1,0,1
1702,0,1,0,1
1703,0,1,0,1
1704,0,1,0,1
1705,0,1,0,1
1706,0,1,0,1
1707,0,1,0,1
1708,0,1,0,1
1709,0,1,0,1
1710,0,1,1,0
1711,0,1,0,1
1712,0,1,0,1
1713,0,1,0,1
1714,0,1,0,1
1715,0,1,0,1
1716,0,1,0,1
1717,0,1,0,1
1718,0,1,1,0
1719,0,1,0,1
1720,0,1,0,1
1721,0,1,0,1
1722,0,1,0,1
1723,0,1,0,1
1724,0,1,0,1
1725,0,1,0,1
1726,0,1,0,1
1727,0,1,0,1
1728,0,1,0,1
1729,0,1,0,1
1730,0,1,0,1
1731,0,1,0,1
1732,0,1,1,0
1733,0,1,0,1
1734,0,1,0,1
1735,0,1,0,1
1736,0,1,1,0
1737,0,1,0,1
1738,0,1,0,1
1739,0,1,0,1
1740,0,1,0,1
1741,0,1,0,1
1742,0,1,0,1
1743,0,1,0,1
1744,0,1,0,1
1745,0,1,0,1
1746,0,1,0,1
1747,0,1,0,1
1748,1,0,1,0
1749,0,1,0,1
1750,0,1,0,1
1751,0,1,0,1
1752,0,1,0,1
1753,0,1,0,1
1754,0,1,0,1
1755,0,1,0,1
1756,0,1,0,1
1757,0,1,0,1
1758,0,1,0,1
1759,0,1,0,1
1760,0,1,0,1
1761,0,1,0,1
1762,0,1,0,1
1763,0,1,0,1
1764,0,1,1,0
1765,0,1,1,0
1766,0,1,0,1
1767,0,1,0,1
1768,0,1,0,1
1769,0,1,0,1
1770,0,1,0,1
1771,0,1,0,1
1772,0,1,0,1
1773,0,1,0,1
1774,0,1,0,1
1775,0,1,0,1
1776,0,1,0,1
1777,0,1,0,1
1778,0,1,0,1
1779,0,1,0,1
1780,0,1,0,1
1781,0,1,0,1
1782,0,1,0,1
1783,0,1,0,1
1784,0,1,0,1
1785,0,1,0,1
1786,0,1,0,1
1787,0,1,0,1
1788,0,1,0,1
1789,0,1,0,1
1790,0,1,0,1
1791,0,1,0,1
1792,0,1,0,1
1793,0,1,0,1
1794,0,1,0,1
1795,0,1,0,1
1796,0,1,1,0
1797,0,1,0,1
1798,0,1,0,1
1799,0,1,1,0
1800,0,1,0,1
1801,0,1,0,1
1802,0,1,0,1
1803,0,1,0,1
1804,0,1,0,1
1805,0,1,0,1
1806,0,1,0,1
1807,0,1,0,1
1808,0,1,1,0
1809,0,1,0,1
1810,0,1,0,1
1811,0,1,0,1
1812,0,1,1,0
1813,0,1,0,1
1814,0,1,0,1
1815,0,1,0,1
1816,0,1,0,1
1817,0,1,0,1
1818,0,1,1,0
1819,0,1,0,1
1820,0,1,0,1
1821,0,1,0,1
1822,0,1,0,1
1823,0,1,0,1
1824,0,1,0,1
1825,0,1,0,1
1826,0,1,1,0
1827,0,1,0,1
1828,0,1,0,1
1829,0,1,0,1
1830,0,1,0,1
1831,0,1,0,1
1832,0,1,1,0
1833,0,1,0,1
1834,0,1,0,1
1835,0,1,0,1
1836,0,1,0,1
1837,0,1,0,1
1838,0,1,0,1
1839,0,1,0,1
1840,0,1,0,1
1841,0,1,0,1
1842,0,1,0,1
1843,0,1,0,1
1844,0,1,0,1
1845,0,1,0,1
1846,0,1,0,1
1847,0,1,0,1
1848,0,1,0,1
1849,0,1,0,1
1850,0,1,0,1
1851,0,1,0,1
1852,0,1,0,1
1853,0,1,0,1
1854,0,1,0,1
1855,0,1,0,1
1856,0,1,0,1
1857,0,1,0,1
1858,0,1,0,1
1859,0,1,0,1
1860,0,1,1,0
1861,0,1,0,1
1862,0,1,0,1
1863,0,1,0,1
1864,0,1,0,1
1865,0,1,0,1
1866,0,1,0,1
1867,0,1,0,1
1868,0,1,0,1
1869,0,1,0,1
1870,0,1,0,1
1871,0,1,0,1
1872,0,1,0,1
1873,0,1,0,1
1874,0,1,0,1
1875,0,1,1,0
1876,0,1,1,0
1877,0,1,0,1
1878,0,1,1,0
1879,1,0,1,0
1880,0,1,0,1
1881,0,1,0,1
1882,0,1,1,0
1883,0,1,0,1
1884,0,1,1,0
1885,0,1,0,1
1886,0,1,0,1
1887,1,0,1,0
1888,0,1,0,1
1889,0,1,0,1
1890,0,1,1,0
1891,0,1,0,1
1892,0,1,0,1
1893,0,1,0,1
1894,0,1,0,1
1895,1,0,0,1
1896,0,1,0,1
1897,0,1,0,1
1898,0,1,1,0
1899,0,1,1,0
1900,0,1,1,0
1901,0,1,0,1
1902,0,1,0,1
1903,0,1,0,1
1904,0,1,0,1
1905,0,1,0,1
1906,0,1,0,1
1907,0,1,0,1
1908,0,1,0,1
1909,0,1,0,1
1910,0,1,0,1
1911,0,1,0,1
1912,0,1,0,1
1913,0,1,0,1
1914,1,0,1,0
1915,0,1,0,1
1916,0,1,1,0
1917,0,1,0,1
1918,0,1,0,1
1919,0,1,1,0
1920,0,1,0,1
1921,0,1,0,1
1922,0,1,0,1
1923,0,1,0,1
1924,0,1,0,1
1925,0,1,1,0
1926,0,1,0,1
1927,0,1,0,1
1928,0,1,1,0
1929,0,1,0,1
1930,0,1,1,0
1931,0,1,0,1
1932,0,1,0,1
1933,0,1,0,1
1934,0,1,0,1
1935,0,1,0,1
1936,0,1,0,1
1937,0,1,1,0
1938,0,1,0,1
1939,1,0,1,0
1940,0,1,0,1
1941,0,1,0,1
1942,0,1,0,1
1943,0,1,0,1
1944,0,1,0,1
1945,0,1,0,1
1946,0,1,0,1
1947,0,1,0,1
1948,0,1,0,1
1949,0,1,0,1
1950,0,1,0,1
1951,0,1,0,1
1952,0,1,0,1
1953,0,1,0,1
1954,0,1,0,1
1955,0,1,0,1
1956,0,1,1,0
1957,0,1,0,1
1958,0,1,0,1
1959,0,1,0,1
1960,0,1,0,1
1961,0,1,0,1
1962,0,1,0,1
1963,0,1,0,1
1964,0,1,0,1
1965,0,1,0,1
1966,0,1,0,1
1967,0,1,0,1
1968,0,1,0,1
1969,0,1,0,1
1970,0,1,0,1
1971,0,1,0,1
1972,0,1,0,1
1973,0,1,0,1
1974,0,1,0,1
1975,0,1,0,1
1976,0,1,0,1
1977,0,1,0,1
1978,0,1,0,1
1979,0,1,1,0
1980,0,1,0,1
1981,0,1,1,0
1982,0,1,1,0
1983,0,1,0,1
1984,0,1,0,1
1985,1,0,1,0
1986,0,1,0,1
1987,0,1,0,1
1988,0,1,0,1
1989,0,1,0,1
1990,0,1,0,1
1991,0,1,0,1
1992,0,1,0,1
1993,0,1,0,1
1994,0,1,0,1
1995,0,1,1,0
1996,0,1,0,1
1997,0,1,0,1
1998,0,1,0,1
1999,0,1,0,1
2000,0,1,0,1
2001,0,1,0,1
2002,0,1,0,1
2003,0,1,0,1
2004,0,1,0,1
2005,0,1,0,1
2006,0,1,0,1
2007,0,1,0,1
2008,0,1,0,1
2009,0,1,0,1
2010,0,1,1,0
2011,0,1,0,1
2012,0,1,0,1
2013,0,1,0,1
2014,0,1,0,1
2015,0,1,0,1
2016,0,1,0,1
2017,0,1,0,1
2018,0,1,0,1
2019,0,1,0,1
2020,0,1,0,1
2021,0,1,0,1
2022,0,1,0,1
2023,0,1,0,1
2024,0,1,0,1
2025,0,1,0,1
2026,0,1,0,1
2027,0,1,0,1
2028,0,1,0,1
2029,0,1,0,1
2030,0,1,0,1
2031,0,1,0,1
2032,0,1,0,1
2033,0,1,0,1
2034,0,1,0,1
2035,0,1,0,1
2036,0,1,0,1
2037,0,1,0,1
2038,0,1,0,1
2039,0,1,0,1
2040,0,1,0,1
2041,0,1,0,1
2042,0,1,0,1
2043,0,1,1,0
2044,0,1,1,0
2045,0,1,0,1
2046,0,1,1,0
2047,0,1,1,0
2048,0,1,1,0
2049,0,1,1,0
2050,0,1,0,1
2051,0,1,1,0
2052,0,1,1,0
2053,0,1,1,0
2054,1,0,1,0
2055,0,1,0,1
2056,0,1,0,1
2057,0,1,1,0
2058,0,1,1,0
2059,0,1,1,0
2060,0,1,0,1
2061,0,1,1,0
2062,0,1,1,0
2063,0,1,1,0
2064,1,0,1,0
2065,0,1,0,1
2066,0,1,1,0
2067,0,1,1,0
2068,0,1,1,0
2069,0,1,1,0
2070,1,0,1,0
2071,0,1,1,0
2072,0,1,1,0
2073,0,1,1,0
2074,0,1,1,0
2075,0,1,1,0
2076,0,1,1,0
2077,0,1,1,0
2078,1,0,1,0
2079,0,1,0,1
2080,0,1,1,0
2081,1,0,1,0
2082,0,1,1,0
2083,0,1,1,0
2084,0,1,1,0
2085,0,1,1,0
2086,0,1,1,0
2087,0,1,1,0
2088,0,1,1,0
2089,0,1,1,0
2090,0,1,1,0
2091,0,1,1,0
2092,1,0,1,0
2093,0,1,1,0
2094,0,1,1,0
2095,0,1,1,0
2096,0,1,1,0
2097,0,1,1,0
2098,0,1,1,0
2099,1,0,1,0
2100,0,1,1,0
2101,0,1,0,1
2102,0,1,1,0
2103,1,0,1,0
2104,0,1,0,1
2105,0,1,0,1
2106,0,1,1,0
2107,0,1,0,1
2108,0,1,1,0
2109,0,1,0,1
2110,0,1,0,1
2111,0,1,1,0
2112,0,1,0,1
2113,0,1,1,0
2114,0,1,1,0
2115,0,1,0,1
2116,0,1,0,1
2117,0,1,0,1
2118,0,1,0,1
2119,0,1,0,1
2120,0,1,0,1
2121,0,1,0,1
2122,0,1,1,0
2123,0,1,1,0
2124,0,1,0,1
2125,0,1,0,1
2126,0,1,0,1
2127,0,1,0,1
2128,0,1,0,1
2129,0,1,0,1
2130,0,1,0,1
2131,0,1,1,0
2132,0,1,0,1
2133,0,1,1,0
2134,0,1,0,1
2135,0,1,0,1
2136,0,1,0,1
2137,0,1,0,1
2138,0,1,0,1
2139,0,1,0,1
2140,0,1,0,1
2141,0,1,1,0
2142,1,0,1,0
2143,0,1,0,1
2144,0,1,0,1
2145,0,1,0,1
2146,0,1,1,0
2147,0,1,1,0
2148,0,1,0,1
2149,0,1,0,1
2150,0,1,0,1
2151,0,1,0,1
2152,0,1,1,0
2153,0,1,0,1
2154,0,1,0,1
2155,0,1,0,1
2156,0,1,0,1
2157,0,1,0,1
2158,0,1,0,1
2159,0,1,0,1
2160,0,1,0,1
2161,0,1,0,1
2162,0,1,0,1
2163,0,1,0,1
2164,0,1,0,1
2165,0,1,1,0
2166,0,1,0,1
2167,0,1,1,0
2168,0,1,1,0
2169,0,1,1,0
2170,0,1,0,1
2171,0,1,1,0
2172,0,1,0,1
2173,0,1,0,1
2174,0,1,1,0
2175,0,1,0,1
2176,0,1,0,1
2177,0,1,0,1
2178,0,1,0,1
2179,0,1,0,1
2180,0,1,1,0
2181,0,1,0,1
2182,0,1,0,1
2183,0,1,0,1
2184,0,1,1,0
2185,0,1,0,1
2186,0,1,1,0
2187,0,1,0,1
2188,0,1,0,1
2189,0,1,0,1
2190,0,1,0,1
2191,0,1,0,1
2192,0,1,0,1
2193,0,1,0,1
2194,0,1,0,1
2195,0,1,0,1
2196,0,1,0,1
2197,0,1,0,1
2198,0,1,0,1
2199,0,1,0,1
2200,0,1,0,1
2201,0,1,0,1
2202,0,1,0,1
2203,0,1,0,1
2204,0,1,0,1
2205,0,1,0,1
2206,0,1,0,1
2207,0,1,0,1
2208,0,1,0,1
2209,0,1,0,1
2210,0,1,0,1
2211,0,1,0,1
2212,0,1,0,1
2213,0,1,0,1
2214,0,1,0,1
2215,0,1,0,1
2216,0,1,0,1
2217,0,1,1,0
2218,0,1,0,1
2219,0,1,0,1
2220,0,1,0,1
2221,0,1,0,1
2222,0,1,0,1
2223,0,1,0,1
2224,0,1,0,1
2225,0,1,0,1
2226,0,1,1,0
2227,0,1,0,1
2228,0,1,0,1
2229,0,1,0,1
2230,0,1,0,1
2231,0,1,0,1
2232,0,1,1,0
2233,0,1,0,1
2234,0,1,0,1
2235,0,1,0,1
2236,0,1,0,1
2237,0,1,1,0
2238,0,1,0,1
2239,0,1,0,1
2240,0,1,0,1
2241,0,1,0,1
2242,0,1,1,0
2243,0,1,0,1
2244,0,1,0,1
2245,0,1,0,1
2246,0,1,0,1
2247,0,1,0,1
2248,0,1,0,1
2249,0,1,0,1
2250,0,1,0,1
2251,0,1,0,1
2252,0,1,0,1
2253,0,1,0,1
2254,0,1,0,1
2255,0,1,0,1
2256,0,1,0,1
2257,0,1,0,1
2258,0,1,0,1
2259,0,1,0,1
2260,0,1,0,1
2261,0,1,0,1
2262,0,1,0,1
2263,0,1,1,0
2264,0,1,0,1
2265,0,1,0,1
2266,0,1,0,1
2267,0,1,0,1
2268,0,1,0,1
2269,0,1,0,1
2270,0,1,0,1
2271,0,1,0,1
2272,0,1,0,1
2273,0,1,1,0
2274,0,1,0,1
2275,1,0,1,0
2276,0,1,0,1
2277,0,1,0,1
2278,0,1,0,1
2279,1,0,1,0
2280,0,1,0,1
2281,0,1,0,1
2282,0,1,0,1
2283,0,1,0,1
2284,1,0,1,0
2285,0,1,0,1
2286,0,1,0,1
2287,0,1,1,0
2288,0,1,0,1
2289,0,1,0,1
2290,0,1,0,1
2291,0,1,0,1
2292,0,1,0,1
2293,0,1,0,1
2294,0,1,0,1
2295,0,1,1,0
2296,0,1,0,1
2297,0,1,0,1
2298,0,1,1,0
2299,0,1,0,1
2300,0,1,0,1
2301,0,1,0,1
2302,0,1,0,1
2303,0,1,0,1
2304,0,1,1,0
2305,0,1,0,1
2306,0,1,1,0
2307,0,1,0,1
2308,0,1,0,1
2309,0,1,0,1
2310,0,1,0,1
2311,0,1,0,1
2312,0,1,0,1
2313,0,1,0,1
2314,0,1,0,1
2315,0,1,0,1
2316,0,1,0,1
2317,0,1,0,1
2318,0,1,0,1
2319,0,1,0,1
2320,0,1,0,1
2321,0,1,0,1
2322,0,1,1,0
2323,0,1,0,1
2324,0,1,0,1
2325,0,1,0,1
2326,0,1,0,1
2327,0,1,0,1
2328,0,1,1,0
2329,0,1,1,0
2330,0,1,0,1
2331,0,1,0,1
2332,0,1,0,1
2333,0,1,0,1
2334,0,1,0,1
2335,0,1,0,1
2336,1,0,1,0
2337,0,1,1,0
2338,0,1,1,0
2339,0,1,0,1
2340,0,1,0,1
2341,0,1,0,1
2342,0,1,0,1
2343,0,1,0,1
2344,0,1,0,1
2345,0,1,0,1
2346,0,1,0,1
2347,0,1,0,1
2348,0,1,0,1
2349,0,1,1,0
2350,0,1,0,1
2351,0,1,0,1
2352,0,1,1,0
2353,0,1,1,0
2354,0,1,0,1
2355,0,1,0,1
2356,0,1,0,1
2357,0,1,0,1
2358,0,1,0,1
2359,0,1,0,1
2360,0,1,0,1
2361,0,1,0,1
2362,0,1,0,1
2363,0,1,0,1
2364,0,1,0,1
2365,0,1,0,1
2366,0,1,0,1
2367,0,1,0,1
2368,0,1,0,1
2369,0,1,0,1
2370,0,1,0,1
2371,0,1,0,1
2372,0,1,0,1
2373,0,1,0,1
2374,0,1,1,0
2375,0,1,0,1
2376,0,1,0,1
2377,0,1,0,1
2378,0,1,0,1
2379,0,1,0,1
2380,0,1,0,1
2381,0,1,0,1
2382,0,1,0,1
2383,0,1,0,1
2384,0,1,0,1
2385,0,1,0,1
2386,0,1,0,1
2387,0,1,0,1
2388,0,1,0,1
2389,0,1,0,1
2390,0,1,0,1
2391,0,1,0,1
2392,0,1,1,0
2393,0,1,0,1
2394,0,1,0,1
2395,0,1,0,1
2396,0,1,0,1
2397,0,1,0,1
2398,0,1,0,1
2399,0,1,0,1
2400,0,1,0,1
2401,1,0,1,0
2402,0,1,0,1
2403,0,1,0,1
2404,0,1,1,0
2405,0,1,0,1
2406,0,1,0,1
2407,0,1,0,1
2408,0,1,0,1
2409,0,1,0,1
2410,0,1,0,1
2411,0,1,0,1
2412,0,1,0,1
2413,0,1,0,1
2414,0,1,0,1
2415,0,1,0,1
2416,0,1,1,0
2417,0,1,0,1
2418,0,1,0,1
2419,0,1,0,1
2420,0,1,0,1
2421,0,1,0,1
2422,0,1,0,1
2423,0,1,1,0
2424,0,1,0,1
2425,0,1,0,1
2426,0,1,0,1
2427,0,1,0,1
2428,0,1,0,1
2429,0,1,0,1
2430,0,1,1,0
2431,0,1,0,1
2432,0,1,0,1
2433,0,1,0,1
2434,0,1,0,1
2435,0,1,0,1
2436,0,1,0,1
2437,0,1,0,1
2438,0,1,0,1
2439,0,1,1,0
2440,0,1,0,1
2441,0,1,0,1
2442,0,1,0,1
2443,0,1,0,1
2444,0,1,0,1
2445,0,1,0,1
2446,0,1,0,1
2447,0,1,0,1
2448,0,1,0,1
2449,0,1,0,1
2450,0,1,0,1
2451,0,1,0,1
2452,0,1,0,1
2453,0,1,0,1
2454,0,1,0,1
2455,1,0,0,1
2456,0,1,0,1
2457,0,1,0,1
2458,1,0,1,0
2459,0,1,1,0
2460,0,1,0,1
2461,0,1,0,1
2462,0,1,1,0
2463,0,1,0,1
2464,0,1,0,1
2465,0,1,1,0
2466,0,1,0,1
2467,0,1,0,1
2468,0,1,0,1
2469,0,1,0,1
2470,0,1,0,1
2471,0,1,0,1
2472,1,0,0,1
2473,0,1,0,1
2474,0,1,0,1
2475,0,1,0,1
2476,0,1,1,0
2477,0,1,0,1
2478,0,1,0,1
2479,0,1,0,1
2480,0,1,0,1
2481,0,1,0,1
2482,0,1,0,1
2483,0,1,0,1
2484,0,1,0,1
2485,0,1,0,1
2486,0,1,0,1
2487,0,1,0,1
2488,0,1,0,1
2489,0,1,0,1
2490,0,1,0,1
2491,0,1,1,0
2492,0,1,0,1
2493,0,1,0,1
2494,0,1,0,1
2495,0,1,0,1
2496,0,1,0,1
2497,0,1,0,1
2498,0,1,0,1
2499,0,1,0,1
2500,0,1,0,1
2501,0,1,0,1
2502,0,1,0,1
2503,0,1,0,1
2504,0,1,1,0
2505,0,1,0,1
2506,0,1,0,1
2507,0,1,1,0
2508,0,1,0,1
2509,0,1,0,1
2510,0,1,1,0
2511,0,1,0,1
2512,0,1,1,0
2513,0,1,1,0
2514,0,1,0,1
2515,0,1,0,1
2516,0,1,0,1
2517,0,1,0,1
2518,0,1,0,1
2519,0,1,0,1
2520,0,1,1,0
2521,0,1,0,1
2522,0,1,0,1
2523,0,1,0,1
2524,0,1,0,1
2525,0,1,0,1
2526,0,1,0,1
2527,0,1,0,1
2528,0,1,0,1
2529,0,1,0,1
2530,0,1,1,0
2531,0,1,0,1
2532,0,1,1,0
2533,0,1,0,1
2534,0,1,0,1
2535,0,1,0,1
2536,0,1,0,1
2537,0,1,0,1
2538,0,1,0,1
2539,0,1,1,0
2540,0,1,0,1
2541,0,1,1,0
2542,0,1,0,1
2543,0,1,0,1
2544,0,1,1,0
2545,0,1,0,1
2546,0,1,0,1
2547,1,0,1,0
2548,0,1,0,1
2549,1,0,1,0
2550,1,0,1,0
2551,0,1,1,0
2552,0,1,0,1
2553,1,0,1,0
2554,0,1,0,1
2555,0,1,0,1
2556,0,1,0,1
2557,0,1,1,0
2558,0,1,0,1
2559,0,1,1,0
2560,0,1,0,1
2561,0,1,0,1
2562,0,1,1,0
2563,0,1,1,0
2564,0,1,1,0
2565,0,1,1,0
2566,0,1,1,0
2567,0,1,1,0
2568,0,1,0,1
2569,0,1,1,0
2570,0,1,1,0
2571,0,1,1,0
2572,0,1,1,0
2573,0,1,0,1
2574,0,1,1,0
2575,0,1,0,1
2576,0,1,1,0
2577,0,1,1,0
2578,1,0,1,0
2579,0,1,0,1
2580,0,1,1,0
2581,0,1,1,0
2582,0,1,1,0
2583,0,1,0,1
2584,0,1,0,1
2585,0,1,0,1
2586,0,1,1,0
2587,0,1,0,1
2588,0,1,0,1
2589,0,1,0,1
2590,0,1,0,1
2591,0,1,0,1
2592,0,1,1,0
2593,0,1,0,1
2594,0,1,0,1
2595,0,1,1,0
2596,0,1,1,0
2597,1,0,1,0
2598,0,1,1,0
2599,1,0,1,0
2600,0,1,0,1
2601,0,1,0,1
2602,0,1,1,0
2603,0,1,0,1
2604,1,0,1,0
2605,0,1,1,0
2606,0,1,0,1
2607,0,1,1,0
2608,0,1,1,0
2609,0,1,0,1
2610,0,1,0,1
2611,0,1,0,1
2612,0,1,0,1
2613,0,1,0,1
2614,0,1,0,1
2615,0,1,1,0
2616,0,1,1,0
2617,1,0,1,0
2618,0,1,0,1
2619,0,1,0,1
2620,0,1,0,1
2621,0,1,0,1
2622,0,1,0,1
2623,0,1,0,1
2624,0,1,1,0
2625,0,1,0,1
2626,0,1,0,1
2627,0,1,1,0
2628,0,1,0,1
2629,1,0,1,0
2630,0,1,0,1
2631,0,1,1,0
2632,0,1,0,1
2633,0,1,1,0
2634,0,1,1,0
2635,0,1,0,1
2636,0,1,0,1
2637,0,1,0,1
2638,1,0,1,0
2639,1,0,1,0
2640,0,1,0,1
2641,0,1,1,0
2642,0,1,0,1
2643,0,1,1,0
2644,0,1,1,0
2645,0,1,0,1
2646,0,1,0,1
2647,0,1,0,1
2648,0,1,0,1
2649,0,1,0,1
2650,0,1,0,1
2651,0,1,0,1
2652,0,1,0,1
2653,0,1,0,1
2654,0,1,0,1
2655,0,1,0,1
2656,0,1,0,1
2657,0,1,0,1
2658,0,1,0,1
2659,0,1,0,1
2660,0,1,1,0
2661,0,1,0,1
2662,0,1,1,0
2663,0,1,1,0
2664,0,1,0,1
2665,0,1,0,1
2666,0,1,0,1
2667,0,1,0,1
2668,0,1,0,1
2669,0,1,0,1
2670,0,1,0,1
2671,0,1,1,0
2672,0,1,0,1
2673,0,1,1,0
2674,0,1,0,1
2675,0,1,0,1
2676,0,1,0,1
2677,1,0,1,0
2678,0,1,0,1
2679,0,1,1,0
2680,0,1,1,0
2681,0,1,0,1
2682,0,1,0,1
2683,0,1,1,0
2684,0,1,0,1
2685,0,1,0,1
2686,0,1,0,1
2687,0,1,1,0
2688,0,1,0,1
2689,0,1,0,1
2690,0,1,0,1
2691,0,1,0,1
2692,0,1,1,0
2693,0,1,0,1
2694,0,1,0,1
2695,0,1,0,1
2696,0,1,0,1
2697,0,1,0,1
2698,0,1,0,1
2699,0,1,0,1
2700,0,1,0,1
2701,0,1,0,1
2702,0,1,1,0
2703,0,1,0,1
2704,0,1,0,1
2705,0,1,0,1
2706,0,1,1,0
2707,0,1,0,1
2708,0,1,0,1
2709,0,1,0,1
2710,0,1,0,1
2711,1,0,1,0
2712,0,1,0,1
2713,0,1,0,1
2714,0,1,0,1
2715,0,1,1,0
2716,0,1,0,1
2717,1,0,1,0
2718,0,1,0,1
2719,0,1,0,1
2720,0,1,0,1
2721,0,1,0,1
2722,0,1,1,0
2723,0,1,0,1
2724,0,1,0,1
2725,0,1,0,1
2726,0,1,0,1
2727,0,1,1,0
2728,0,1,0,1
2729,0,1,1,0
2730,0,1,0,1
2731,0,1,0,1
2732,0,1,1,0
2733,0,1,1,0
2734,0,1,1,0
2735,0,1,0,1
2736,0,1,0,1
2737,0,1,1,0
2738,0,1,0,1
2739,0,1,0,1
2740,0,1,0,1
2741,0,1,1,0
2742,0,1,0,1
2743,0,1,0,1
2744,0,1,0,1
2745,0,1,0,1
2746,0,1,1,0
2747,0,1,0,1
2748,0,1,0,1
2749,0,1,0,1
2750,0,1,0,1
2751,0,1,0,1
2752,0,1,0,1
2753,0,1,0,1
2754,0,1,1,0
2755,0,1,0,1
2756,0,1,0,1
2757,0,1,0,1
2758,0,1,0,1
2759,0,1,0,1
2760,0,1,0,1
2761,0,1,0,1
2762,0,1,0,1
2763,0,1,0,1
2764,0,1,0,1
2765,0,1,0,1
2766,0,1,0,1
2767,0,1,0,1
2768,0,1,0,1
2769,0,1,0,1
2770,0,1,1,0
2771,1,0,1,0
2772,0,1,0,1
2773,0,1,1,0
2774,0,1,0,1
2775,0,1,0,1
2776,0,1,0,1
2777,0,1,1,0
2778,0,1,1,0
2779,0,1,1,0
2780,0,1,1,0
2781,0,1,0,1
2782,1,0,1,0
2783,0,1,1,0
2784,1,0,1,0
2785,0,1,1,0
2786,0,1,1,0
2787,0,1,1,0
2788,0,1,1,0
2789,0,1,1,0
2790,0,1,1,0
2791,1,0,1,0
2792,0,1,1,0
2793,0,1,0,1
2794,0,1,1,0
2795,0,1,0,1
2796,0,1,1,0
2797,0,1,1,0
2798,1,0,1,0
2799,1,0,1,0
2800,0,1,1,0
2801,0,1,0,1
2802,0,1,1,0
2803,0,1,1,0
2804,0,1,0,1
2805,0,1,1,0
2806,0,1,0,1
2807,1,0,1,0
2808,0,1,1,0
2809,1,0,1,0
2810,0,1,1,0
2811,0,1,1,0
2812,0,1,0,1
2813,0,1,1,0
2814,0,1,1,0
2815,0,1,0,1
2816,0,1,0,1
2817,0,1,1,0
2818,0,1,1,0
2819,0,1,1,0
2820,0,1,1,0
2821,0,1,0,1
2822,0,1,1,0
2823,0,1,0,1
2824,1,0,1,0
2825,0,1,1,0
2826,1,0,1,0
2827,0,1,1,0
2828,0,1,1,0
2829,1,0,1,0
2830,0,1,1,0
2831,1,0,1,0
2832,0,1,1,0
2833,0,1,1,0
2834,0,1,1,0
2835,0,1,1,0
2836,0,1,1,0
2837,1,0,1,0
2838,0,1,0,1
2839,0,1,1,0
2840,0,1,1,0
2841,0,1,1,0
2842,0,1,1,0
2843,0,1,0,1
2844,0,1,1,0
2845,0,1,0,1
2846,0,1,1,0
2847,1,0,1,0
2848,0,1,0,1
2849,0,1,0,1
2850,1,0,1,0
2851,0,1,0,1
2852,0,1,1,0
2853,0,1,1,0
2854,0,1,1,0
2855,0,1,0,1
2856,1,0,1,0
2857,0,1,0,1
2858,0,1,0,1
2859,0,1,0,1
2860,0,1,0,1
2861,0,1,0,1
2862,0,1,0,1
2863,0,1,0,1
2864,0,1,0,1
2865,0,1,0,1
2866,0,1,0,1
2867,0,1,0,1
2868,0,1,0,1
2869,0,1,0,1
2870,0,1,0,1
2871,0,1,0,1
2872,0,1,0,1
2873,0,1,0,1
2874,0,1,0,1
2875,0,1,0,1
2876,0,1,0,1
2877,0,1,1,0
2878,0,1,0,1
2879,0,1,0,1
2880,0,1,0,1
2881,0,1,0,1
2882,0,1,1,0
2883,0,1,0,1
2884,0,1,1,0
2885,0,1,0,1
2886,0,1,0,1
2887,0,1,1,0
2888,0,1,0,1
2889,0,1,0,1
2890,0,1,0,1
2891,0,1,0,1
2892,0,1,0,1
2893,0,1,0,1
2894,1,0,1,0
2895,0,1,0,1
2896,0,1,1,0
2897,0,1,0,1
2898,0,1,0,1
2899,0,1,0,1
2900,0,1,1,0
2901,1,0,1,0
2902,0,1,0,1
2903,0,1,0,1
2904,0,1,0,1
2905,0,1,0,1
2906,0,1,0,1
2907,0,1,0,1
2908,0,1,0,1
2909,0,1,1,0
2910,1,0,1,0
2911,0,1,0,1
2912,0,1,1,0
2913,0,1,0,1
2914,0,1,0,1
2915,0,1,1,0
2916,0,1,0,1
2917,0,1,0,1
2918,0,1,1,0
2919,0,1,0,1
2920,0,1,1,0
2921,0,1,0,1
2922,0,1,1,0
2923,0,1,0,1
2924,1,0,1,0
2925,0,1,0,1
2926,0,1,1,0
2927,0,1,0,1
2928,0,1,0,1
2929,0,1,1,0
2930,0,1,1,0
2931,0,1,0,1
2932,0,1,1,0
2933,0,1,1,0
2934,0,1,0,1
2935,0,1,0,1
2936,0,1,0,1
2937,0,1,1,0
2938,0,1,1,0
2939,0,1,1,0
2940,0,1,1,0
2941,0,1,1,0
2942,0,1,0,1
2943,0,1,0,1
2944,1,0,1,0
2945,0,1,1,0
2946,0,1,0,1
2947,0,1,0,1
2948,0,1,1,0
2949,0,1,0,1
2950,0,1,0,1
2951,0,1,0,1
2952,0,1,1,0
2953,0,1,1,0
2954,0,1,0,1
2955,0,1,0,1
2956,0,1,0,1
2957,0,1,1,0
2958,0,1,0,1
2959,0,1,0,1
2960,0,1,1,0
2961,0,1,0,1
2962,0,1,0,1
2963,0,1,1,0
2964,0,1,0,1
2965,0,1,1,0
2966,0,1,1,0
2967,0,1,1,0
2968,0,1,0,1
2969,0,1,1,0
2970,0,1,1,0
2971,0,1,0,1
2972,0,1,1,0
2973,0,1,1,0
2974,0,1,1,0
2975,0,1,0,1
2976,0,1,0,1
2977,0,1,1,0
2978,0,1,1,0
2979,0,1,0,1
2980,0,1,1,0
2981,0,1,0,1
2982,0,1,0,1
2983,0,1,0,1
2984,0,1,0,1
2985,0,1,1,0
2986,0,1,1,0
2987,0,1,0,1
2988,0,1,0,1
2989,0,1,0,1
2990,0,1,0,1
2991,0,1,0,1
2992,0,1,0,1
2993,0,1,0,1
2994,0,1,0,1
2995,1,0,1,0
2996,0,1,1,0
2997,0,1,0,1
2998,0,1,0,1
2999,0,1,1,0
3000,1,0,1,0
3001,0,1,1,0
3002,0,1,1,0
3003,0,1,0,1
3004,0,1,1,0
3005,0,1,1,0
3006,0,1,1,0
3007,0,1,0,1
3008,0,1,0,1
3009,0,1,0,1
3010,0,1,0,1
3011,0,1,0,1
3012,0,1,1,0
3013,0,1,0,1
3014,0,1,0,1
3015,0,1,0,1
3016,0,1,0,1
3017,0,1,0,1
3018,0,1,0,1
3019,0,1,1,0
3020,0,1,0,1
3021,0,1,1,0
3022,0,1,0,1
3023,0,1,1,0
3024,0,1,0,1
3025,0,1,0,1
3026,0,1,0,1
3027,0,1,0,1
3028,0,1,1,0
3029,0,1,0,1
3030,0,1,1,0
3031,0,1,0,1
3032,0,1,1,0
3033,0,1,1,0
3034,0,1,1,0
3035,0,1,0,1
3036,0,1,1,0
3037,0,1,0,1
3038,0,1,1,0
3039,0,1,0,1
3040,0,1,0,1
3041,0,1,1,0
3042,0,1,0,1
3043,0,1,1,0
3044,0,1,0,1
3045,0,1,0,1
3046,0,1,0,1
3047,0,1,1,0
3048,0,1,0,1
3049,0,1,1,0
3050,0,1,0,1
3051,0,1,1,0
3052,0,1,1,0
3053,0,1,1,0
3054,0,1,0,1
3055,0,1,0,1
3056,0,1,1,0
3057,0,1,1,0
3058,0,1,1,0
3059,0,1,0,1
3060,0,1,1,0
3061,0,1,0,1
3062,0,1,1,0
3063,0,1,1,0
3064,0,1,1,0
3065,0,1,1,0
3066,0,1,1,0
3067,0,1,1,0
3068,0,1,0,1
3069,0,1,1,0
3070,0,1,0,1
3071,0,1,1,0
3072,1,0,1,0
3073,1,0,1,0
3074,0,1,1,0
3075,1,0,1,0
3076,0,1,1,0
3077,1,0,1,0
3078,1,0,1,0
3079,1,0,1,0
3080,1,0,1,0
3081,1,0,1,0
3082,1,0,1,0
3083,0,1,0,1
3084,1,0,1,0
3085,1,0,1,0
3086,1,0,1,0
3087,0,1,1,0
3088,0,1,1,0
3089,1,0,1,0
3090,1,0,1,0
3091,0,1,1,0
3092,0,1,1,0
3093,0,1,1,0
3094,0,1,1,0
3095,1,0,1,0
3096,1,0,1,0
3097,1,0,1,0
3098,1,0,1,0
3099,0,1,1,0
3100,1,0,1,0
3101,1,0,1,0
3102,0,1,1,0
3103,0,1,1,0
3104,0,1,1,0
3105,1,0,1,0
3106,0,1,1,0
3107,0,1,1,0
3108,1,0,1,0
3109,0,1,1,0
3110,1,0,1,0
3111,0,1,0,1
3112,0,1,1,0
3113,0,1,1,0
3114,1,0,1,0
3115,0,1,1,0
3116,0,1,0,1
3117,0,1,1,0
3118,0,1,1,0
3119,1,0,1,0
3120,1,0,1,0
3121,0,1,1,0
3122,0,1,1,0
3123,0,1,1,0
3124,0,1,1,0
3125,0,1,1,0
3126,0,1,1,0
3127,0,1,1,0
3128,1,0,1,0
3129,0,1,1,0
3130,0,1,1,0
3131,0,1,1,0
3132,0,1,0,1
3133,0,1,0,1
3134,1,0,1,0
3135,1,0,1,0
3136,0,1,1,0
3137,0,1,0,1
3138,0,1,1,0
3139,0,1,0,1
3140,0,1,1,0
3141,0,1,1,0
3142,1,0,1,0
3143,0,1,0,1
3144,0,1,1,0
3145,0,1,1,0
3146,0,1,0,1
3147,0,1,1,0
3148,0,1,1,0
3149,1,0,1,0
3150,0,1,1,0
3151,1,0,1,0
3152,1,0,1,0
3153,0,1,0,1
3154,0,1,1,0
3155,0,1,1,0
3156,1,0,1,0
3157,0,1,0,1
3158,0,1,1,0
3159,0,1,1,0
3160,0,1,1,0
3161,0,1,0,1
3162,1,0,1,0
3163,0,1,1,0
3164,0,1,0,1
3165,1,0,1,0
3166,1,0,1,0
3167,1,0,1,0
3168,0,1,1,0
3169,0,1,0,1
3170,1,0,1,0
3171,0,1,0,1
3172,0,1,1,0
3173,0,1,1,0
3174,0,1,1,0
3175,1,0,1,0
3176,0,1,1,0
3177,0,1,1,0
3178,0,1,0,1
3179,0,1,0,1
3180,0,1,1,0
3181,0,1,0,1
3182,0,1,0,1
3183,1,0,1,0
3184,0,1,1,0
3185,0,1,1,0
3186,0,1,0,1
3187,0,1,0,1
3188,0,1,0,1
3189,0,1,1,0
3190,1,0,1,0
3191,0,1,0,1
3192,0,1,1,0
3193,1,0,1,0
3194,1,0,1,0
3195,0,1,1,0
3196,0,1,1,0
3197,0,1,1,0
3198,0,1,0,1
3199,1,0,1,0
3200,1,0,1,0
3201,0,1,0,1
3202,0,1,0,1
3203,0,1,0,1
3204,1,0,1,0
3205,0,1,1,0
3206,0,1,0,1
3207,0,1,0,1
3208,0,1,1,0
3209,0,1,0,1
3210,0,1,0,1
3211,0,1,1,0
3212,0,1,1,0
3213,0,1,0,1
3214,0,1,1,0
3215,0,1,1,0
3216,1,0,1,0
3217,1,0,0,1
3218,1,0,1,0
3219,0,1,0,1
3220,0,1,0,1
3221,0,1,1,0
3222,0,1,0,1
3223,1,0,1,0
3224,0,1,0,1
3225,0,1,1,0
3226,1,0,1,0
3227,1,0,1,0
3228,1,0,1,0
3229,1,0,1,0
3230,0,1,1,0
3231,0,1,0,1
3232,1,0,1,0
3233,0,1,1,0
3234,0,1,1,0
3235,1,0,1,0
3236,0,1,0,1
3237,0,1,0,1
3238,1,0,1,0
3239,0,1,1,0
3240,0,1,0,1
3241,0,1,1,0
3242,0,1,0,1
3243,0,1,1,0
3244,0,1,0,1
3245,0,1,0,1
3246,0,1,1,0
3247,0,1,0,1
3248,0,1,0,1
3249,1,0,1,0
3250,0,1,1,0
3251,0,1,1,0
3252,1,0,1,0
3253,0,1,0,1
3254,1,0,1,0
3255,0,1,1,0
3256,0,1,0,1
3257,0,1,0,1
3258,0,1,0,1
3259,0,1,0,1
3260,0,1,0,1
3261,1,0,1,0
3262,0,1,1,0
3263,0,1,0,1
3264,0,1,0,1
3265,0,1,1,0
3266,0,1,0,1
3267,0,1,0,1
3268,1,0,1,0
3269,0,1,1,0
3270,0,1,1,0
3271,0,1,1,0
3272,1,0,1,0
3273,0,1,0,1
3274,1,0,1,0
3275,0,1,0,1
3276,0,1,0,1
3277,1,0,1,0
3278,0,1,0,1
3279,0,1,1,0
3280,0,1,1,0
3281,0,1,0,1
3282,0,1,0,1
3283,0,1,1,0
3284,0,1,0,1
3285,0,1,0,1
3286,0,1,0,1
3287,0,1,0,1
3288,0,1,0,1
3289,0,1,0,1
3290,0,1,0,1
3291,0,1,1,0
3292,0,1,1,0
3293,0,1,1,0
3294,0,1,0,1
3295,0,1,1,0
3296,0,1,0,1
3297,0,1,0,1
3298,0,1,1,0
3299,0,1,0,1
3300,0,1,0,1
3301,0,1,1,0
3302,0,1,1,0
3303,0,1,1,0
3304,0,1,0,1
3305,0,1,1,0
3306,0,1,1,0
3307,0,1,0,1
3308,0,1,1,0
3309,0,1,1,0
3310,0,1,0,1
3311,0,1,1,0
3312,0,1,0,1
3313,0,1,1,0
3314,0,1,0,1
3315,0,1,0,1
3316,0,1,0,1
3317,0,1,1,0
3318,0,1,1,0
3319,0,1,0,1
3320,0,1,1,0
3321,0,1,1,0
3322,0,1,0,1
3323,0,1,0,1
3324,0,1,1,0
3325,0,1,0,1
3326,0,1,0,1
3327,0,1,0,1
3328,0,1,0,1
3329,0,1,0,1
3330,0,1,0,1
3331,0,1,0,1
3332,0,1,0,1
3333,0,1,0,1
3334,0,1,0,1
3335,0,1,0,1
3336,0,1,0,1
3337,0,1,1,0
3338,0,1,0,1
3339,0,1,0,1
3340,0,1,0,1
3341,0,1,0,1
3342,0,1,1,0
3343,1,0,0,1
3344,0,1,0,1
3345,0,1,0,1
3346,0,1,1,0
3347,0,1,0,1
3348,0,1,1,0
3349,0,1,0,1
3350,0,1,0,1
3351,1,0,1,0
3352,0,1,0,1
3353,0,1,0,1
3354,0,1,1,0
3355,0,1,0,1
3356,1,0,1,0
3357,0,1,0,1
3358,0,1,0,1
3359,0,1,0,1
3360,0,1,0,1
3361,0,1,0,1
3362,0,1,0,1
3363,1,0,1,0
3364,0,1,0,1
3365,0,1,0,1
3366,0,1,0,1
3367,0,1,0,1
3368,0,1,0,1
3369,0,1,1,0
3370,0,1,1,0
3371,0,1,0,1
3372,0,1,1,0
3373,0,1,0,1
3374,0,1,1,0
3375,0,1,0,1
3376,0,1,1,0
3377,0,1,0,1
3378,0,1,0,1
3379,0,1,1,0
3380,0,1,0,1
3381,0,1,0,1
3382,0,1,0,1
3383,0,1,0,1
3384,0,1,0,1
3385,0,1,0,1
3386,0,1,0,1
3387,0,1,0,1
3388,0,1,0,1
3389,0,1,0,1
3390,0,1,0,1
3391,0,1,1,0
3392,0,1,0,1
3393,0,1,0,1
3394,0,1,0,1
3395,0,1,0,1
3396,0,1,0,1
3397,0,1,1,0
3398,0,1,0,1
3399,0,1,0,1
3400,0,1,0,1
3401,0,1,0,1
3402,0,1,1,0
3403,0,1,0,1
3404,0,1,0,1
3405,0,1,0,1
3406,0,1,1,0
3407,0,1,0,1
3408,0,1,1,0
3409,1,0,1,0
3410,0,1,1,0
3411,0,1,0,1
3412,0,1,0,1
3413,0,1,1,0
3414,0,1,0,1
3415,0,1,0,1
3416,0,1,0,1
3417,0,1,1,0
3418,0,1,0,1
3419,0,1,1,0
3420,0,1,1,0
3421,0,1,0,1
3422,0,1,0,1
3423,0,1,0,1
3424,0,1,1,0
3425,0,1,0,1
3426,0,1,0,1
3427,0,1,0,1
3428,0,1,1,0
3429,0,1,1,0
3430,0,1,0,1
3431,0,1,1,0
3432,0,1,1,0
3433,0,1,0,1
3434,0,1,0,1
3435,0,1,1,0
3436,0,1,1,0
3437,0,1,1,0
3438,0,1,0,1
3439,0,1,0,1
3440,0,1,1,0
3441,0,1,1,0
3442,0,1,0,1
3443,0,1,0,1
3444,0,1,1,0
3445,1,0,1,0
3446,0,1,1,0
3447,0,1,0,1
3448,0,1,1,0
3449,0,1,1,0
3450,0,1,1,0
3451,0,1,0,1
3452,0,1,0,1
3453,0,1,1,0
3454,0,1,0,1
3455,0,1,0,1
3456,0,1,1,0
3457,0,1,0,1
3458,0,1,0,1
3459,0,1,1,0
3460,0,1,0,1
3461,0,1,0,1
3462,0,1,0,1
3463,0,1,0,1
3464,0,1,0,1
3465,0,1,0,1
3466,0,1,1,0
3467,0,1,1,0
3468,0,1,0,1
3469,1,0,1,0
3470,0,1,0,1
3471,0,1,1,0
3472,0,1,0,1
3473,0,1,0,1
3474,0,1,0,1
3475,0,1,0,1
3476,0,1,0,1
3477,0,1,0,1
3478,0,1,1,0
3479,0,1,0,1
3480,0,1,0,1
3481,0,1,0,1
3482,0,1,1,0
3483,0,1,0,1
3484,0,1,0,1
3485,0,1,1,0
3486,0,1,1,0
3487,0,1,1,0
3488,0,1,1,0
3489,1,0,1,0
3490,0,1,1,0
3491,0,1,1,0
3492,0,1,1,0
3493,0,1,0,1
3494,0,1,0,1
3495,0,1,1,0
3496,0,1,1,0
3497,1,0,1,0
3498,0,1,0,1
3499,0,1,1,0
3500,0,1,1,0
3501,0,1,0,1
3502,0,1,0,1
3503,0,1,0,1
3504,0,1,0,1
3505,0,1,0,1
3506,0,1,0,1
3507,0,1,0,1
3508,0,1,1,0
3509,0,1,0,1
3510,0,1,0,1
3511,0,1,0,1
3512,0,1,0,1
3513,0,1,0,1
3514,0,1,0,1
3515,0,1,0,1
3516,0,1,0,1
3517,0,1,1,0
3518,0,1,0,1
3519,0,1,0,1
3520,0,1,0,1
3521,0,1,0,1
3522,0,1,0,1
3523,0,1,0,1
3524,0,1,0,1
3525,0,1,0,1
3526,0,1,1,0
3527,0,1,0,1
3528,0,1,1,0
3529,0,1,0,1
3530,0,1,1,0
3531,0,1,1,0
3532,1,0,1,0
3533,0,1,1,0
3534,0,1,1,0
3535,0,1,1,0
3536,0,1,1,0
3537,0,1,1,0
3538,0,1,1,0
3539,0,1,0,1
3540,0,1,0,1
3541,0,1,1,0
3542,0,1,1,0
3543,0,1,0,1
3544,0,1,0,1
3545,0,1,0,1
3546,0,1,1,0
3547,1,0,1,0
3548,0,1,0,1
3549,1,0,1,0
3550,1,0,1,0
3551,0,1,1,0
3552,0,1,1,0
3553,1,0,1,0
3554,1,0,1,0
3555,0,1,0,1
3556,0,1,1,0
3557,0,1,0,1
3558,0,1,1,0
3559,0,1,0,1
3560,0,1,1,0
3561,0,1,1,0
3562,0,1,0,1
3563,0,1,0,1
3564,0,1,0,1
3565,0,1,1,0
3566,0,1,1,0
3567,0,1,0,1
3568,0,1,0,1
3569,0,1,1,0
3570,0,1,1,0
3571,0,1,1,0
3572,0,1,1,0
3573,0,1,1,0
3574,0,1,1,0
3575,0,1,1,0
3576,0,1,0,1
3577,0,1,1,0
3578,0,1,1,0
3579,1,0,1,0
3580,0,1,1,0
3581,0,1,0,1
3582,0,1,1,0
3583,0,1,1,0
3584,0,1,1,0
3585,0,1,1,0
3586,0,1,1,0
3587,0,1,1,0
3588,0,1,0,1
3589,0,1,1,0
3590,1,0,1,0
3591,0,1,0,1
3592,1,0,1,0
3593,1,0,1,0
3594,0,1,1,0
3595,0,1,1,0
3596,1,0,1,0
3597,1,0,1,0
3598,0,1,0,1
3599,0,1,0,1
3600,1,0,1,0
3601,0,1,1,0
3602,0,1,0,1
3603,0,1,0,1
3604,0,1,1,0
3605,0,1,0,1
3606,0,1,1,0
3607,0,1,1,0
3608,0,1,0,1
3609,0,1,0,1
3610,0,1,0,1
3611,1,0,1,0
3612,0,1,1,0
3613,1,0,1,0
3614,1,0,1,0
3615,0,1,0,1
3616,0,1,1,0
3617,0,1,1,0
3618,0,1,1,0
3619,0,1,1,0
3620,1,0,1,0
3621,0,1,0,1
3622,1,0,1,0
3623,0,1,0,1
3624,0,1,1,0
3625,0,1,1,0
3626,0,1,1,0
3627,1,0,1,0
3628,0,1,1,0
3629,1,0,1,0
3630,0,1,0,1
3631,1,0,1,0
3632,0,1,0,1
3633,0,1,0,1
3634,0,1,1,0
3635,1,0,1,0
3636,0,1,1,0
3637,0,1,1,0
3638,0,1,0,1
3639,1,0,1,0
3640,0,1,1,0
3641,1,0,1,0
3642,1,0,1,0
3643,0,1,1,0
3644,1,0,1,0
3645,0,1,1,0
3646,0,1,1,0
3647,0,1,0,1
3648,0,1,0,1
3649,0,1,1,0
3650,0,1,0,1
3651,0,1,1,0
3652,0,1,1,0
3653,0,1,0,1
3654,0,1,1,0
3655,0,1,0,1
3656,0,1,0,1
3657,0,1,1,0
3658,0,1,0,1
3659,0,1,0,1
3660,0,1,0,1
3661,0,1,1,0
3662,0,1,0,1
3663,0,1,0,1
3664,0,1,0,1
3665,0,1,0,1
3666,0,1,0,1
3667,0,1,0,1
3668,0,1,0,1
3669,0,1,0,1
3670,0,1,0,1
3671,0,1,0,1
3672,0,1,0,1
3673,0,1,0,1
3674,0,1,1,0
3675,0,1,1,0
3676,0,1,0,1
3677,0,1,0,1
3678,0,1,1,0
3679,0,1,0,1
3680,0,1,0,1
3681,0,1,0,1
3682,0,1,0,1
3683,0,1,0,1
3684,0,1,0,1
3685,0,1,0,1
3686,1,0,1,0
3687,0,1,1,0
3688,0,1,0,1
3689,1,0,1,0
3690,0,1,0,1
3691,0,1,1,0
3692,0,1,1,0
3693,0,1,0,1
3694,0,1,0,1
3695,0,1,0,1
3696,0,1,0,1
3697,0,1,0,1
3698,0,1,0,1
3699,0,1,1,0
3700,0,1,0,1
3701,0,1,1,0
3702,0,1,0,1
3703,0,1,0,1
3704,0,1,0,1
3705,0,1,0,1
3706,0,1,0,1
3707,0,1,1,0
3708,0,1,0,1
3709,0,1,0,1
3710,0,1,1,0
3711,0,1,0,1
3712,0,1,0,1
3713,0,1,1,0
3714,0,1,0,1
3715,0,1,0,1
3716,0,1,0,1
3717,0,1,0,1
3718,0,1,0,1
3719,0,1,0,1
3720,1,0,1,0
3721,0,1,0,1
3722,0,1,0,1
3723,0,1,0,1
3724,0,1,1,0
3725,0,1,1,0
3726,0,1,0,1
3727,0,1,0,1
3728,0,1,0,1
3729,0,1,0,1
3730,0,1,0,1
3731,0,1,1,0
3732,0,1,0,1
3733,0,1,1,0
3734,0,1,0,1
3735,0,1,1,0
3736,0,1,0,1
3737,0,1,0,1
3738,1,0,1,0
3739,0,1,1,0
3740,1,0,1,0
3741,0,1,1,0
3742,0,1,0,1
3743,0,1,1,0
3744,0,1,0,1
3745,0,1,0,1
3746,0,1,0,1
3747,0,1,1,0
3748,0,1,0,1
3749,0,1,0,1
3750,0,1,1,0
3751,0,1,1,0
3752,0,1,0,1
3753,0,1,1,0
3754,0,1,0,1
3755,0,1,0,1
3756,0,1,0,1
3757,0,1,1,0
3758,0,1,1,0
3759,0,1,0,1
3760,0,1,1,0
3761,0,1,0,1
3762,1,0,1,0
3763,1,0,1,0
3764,0,1,1,0
3765,1,0,1,0
3766,0,1,0,1
3767,0,1,1,0
3768,0,1,0,1
3769,0,1,1,0
3770,1,0,1,0
3771,0,1,1,0
3772,0,1,1,0
3773,0,1,0,1
3774,0,1,0,1
3775,1,0,1,0
3776,0,1,1,0
3777,0,1,1,0
3778,0,1,0,1
3779,1,0,1,0
3780,0,1,1,0
3781,1,0,1,0
3782,0,1,1,0
3783,0,1,1,0
3784,0,1,1,0
3785,0,1,1,0
3786,0,1,1,0
3787,0,1,0,1
3788,0,1,0,1
3789,0,1,0,1
3790,0,1,0,1
3791,0,1,0,1
3792,0,1,0,1
3793,0,1,0,1
3794,0,1,0,1
3795,0,1,0,1
3796,0,1,0,1
3797,0,1,0,1
3798,0,1,0,1
3799,0,1,0,1
3800,0,1,1,0
3801,0,1,0,1
3802,0,1,0,1
3803,0,1,0,1
3804,0,1,0,1
3805,0,1,0,1
3806,0,1,0,1
3807,1,0,1,0
3808,0,1,1,0
3809,0,1,0,1
3810,0,1,0,1
3811,0,1,1,0
3812,0,1,0,1
3813,0,1,0,1
3814,0,1,0,1
3815,0,1,1,0
3816,0,1,0,1
3817,0,1,0,1
3818,0,1,0,1
3819,0,1,0,1
3820,0,1,0,1
3821,0,1,0,1
3822,1,0,1,0
3823,0,1,0,1
3824,0,1,0,1
3825,0,1,1,0
3826,0,1,0,1
3827,0,1,0,1
3828,0,1,0,1
3829,0,1,0,1
3830,0,1,1,0
3831,0,1,0,1
3832,0,1,0,1
3833,1,0,1,0
3834,0,1,0,1
3835,0,1,0,1
3836,1,0,1,0
3837,0,1,1,0
3838,0,1,0,1
3839,0,1,0,1
3840,0,1,0,1
3841,0,1,0,1
3842,0,1,0,1
3843,0,1,0,1
3844,0,1,0,1
3845,0,1,0,1
3846,0,1,0,1
3847,0,1,0,1
3848,0,1,1,0
3849,0,1,0,1
3850,0,1,0,1
3851,0,1,0,1
3852,1,0,1,0
3853,0,1,1,0
3854,0,1,1,0
3855,0,1,1,0
3856,0,1,0,1
3857,0,1,0,1
3858,0,1,0,1
3859,0,1,0,1
3860,0,1,0,1
3861,0,1,0,1
3862,0,1,0,1
3863,0,1,0,1
3864,0,1,0,1
3865,0,1,0,1
3866,0,1,0,1
3867,1,0,1,0
3868,0,1,0,1
3869,0,1,0,1
3870,0,1,0,1
3871,0,1,0,1
3872,0,1,0,1
3873,0,1,0,1
3874,0,1,0,1
3875,0,1,1,0
3876,0,1,0,1
3877,1,0,1,0
3878,0,1,1,0
3879,0,1,0,1
3880,0,1,0,1
3881,0,1,0,1
3882,0,1,0,1
3883,0,1,0,1
3884,0,1,0,1
3885,0,1,0,1
3886,0,1,1,0
3887,0,1,0,1
3888,0,1,0,1
3889,0,1,1,0
3890,0,1,0,1
3891,1,0,1,0
3892,0,1,1,0
3893,0,1,0,1
3894,0,1,1,0
3895,0,1,0,1
3896,0,1,0,1
3897,1,0,1,0
3898,0,1,0,1
3899,0,1,0,1
3900,0,1,0,1
3901,0,1,1,0
3902,0,1,0,1
3903,0,1,0,1
3904,0,1,0,1
3905,0,1,1,0
3906,0,1,0,1
3907,0,1,0,1
3908,0,1,1,0
3909,0,1,0,1
3910,0,1,0,1
3911,0,1,0,1
3912,0,1,0,1
3913,0,1,0,1
3914,0,1,1,0
3915,0,1,0,1
3916,0,1,1,0
3917,0,1,1,0
3918,0,1,0,1
3919,0,1,1,0
3920,0,1,0,1
3921,0,1,1,0
3922,0,1,1,0
3923,0,1,1,0
3924,0,1,0,1
3925,0,1,0,1
3926,0,1,1,0
3927,0,1,1,0
3928,0,1,0,1
3929,0,1,1,0
3930,0,1,1,0
3931,0,1,1,0
3932,0,1,0,1
3933,0,1,1,0
3934,0,1,1,0
3935,0,1,0,1
3936,0,1,0,1
3937,0,1,0,1
3938,0,1,0,1
3939,0,1,1,0
3940,0,1,1,0
3941,0,1,0,1
3942,0,1,0,1
3943,1,0,1,0
3944,0,1,0,1
3945,0,1,1,0
3946,0,1,1,0
3947,0,1,0,1
3948,0,1,0,1
3949,0,1,0,1
3950,0,1,0,1
3951,0,1,0,1
3952,0,1,1,0
3953,0,1,1,0
3954,0,1,0,1
3955,0,1,0,1
3956,0,1,0,1
3957,0,1,1,0
3958,0,1,0,1
3959,0,1,0,1
3960,0,1,0,1
3961,0,1,0,1
3962,0,1,0,1
3963,0,1,0,1
3964,0,1,0,1
3965,0,1,0,1
3966,0,1,1,0
3967,0,1,0,1
3968,0,1,0,1
3969,0,1,0,1
3970,0,1,0,1
3971,0,1,0,1
3972,0,1,0,1
3973,0,1,0,1
3974,0,1,0,1
3975,0,1,0,1
3976,0,1,0,1
3977,0,1,0,1
3978,0,1,0,1
3979,0,1,0,1
3980,0,1,1,0
3981,0,1,0,1
3982,0,1,1,0
3983,0,1,0,1
3984,0,1,0,1
3985,0,1,0,1
3986,0,1,0,1
3987,0,1,0,1
3988,0,1,0,1
3989,0,1,0,1
3990,0,1,0,1
3991,0,1,1,0
3992,0,1,1,0
3993,0,1,0,1
3994,0,1,1,0
3995,0,1,0,1
3996,0,1,0,1
3997,0,1,0,1
3998,0,1,0,1
3999,1,0,1,0
4000,0,1,0,1
4001,0,1,0,1
4002,0,1,0,1
4003,0,1,0,1
4004,1,0,1,0
4005,0,1,0,1
4006,0,1,1,0
4007,0,1,0,1
4008,0,1,0,1
4009,0,1,0,1
4010,0,1,0,1
4011,0,1,1,0
4012,0,1,0,1
4013,0,1,0,1
4014,0,1,1,0
4015,0,1,1,0
4016,0,1,0,1
4017,0,1,0,1
4018,0,1,0,1
4019,0,1,0,1
4020,0,1,0,1
4021,0,1,1,0
4022,0,1,0,1
4023,0,1,1,0
4024,1,0,1,0
4025,0,1,0,1
4026,0,1,1,0
4027,0,1,1,0
4028,0,1,0,1
4029,0,1,0,1
4030,0,1,0,1
4031,0,1,0,1
4032,0,1,1,0
4033,1,0,1,0
4034,1,0,1,0
4035,0,1,1,0
4036,1,0,1,0
4037,0,1,1,0
4038,1,0,1,0
4039,0,1,1,0
4040,1,0,1,0
4041,0,1,1,0
4042,1,0,1,0
4043,1,0,1,0
4044,1,0,1,0
4045,0,1,1,0
4046,0,1,1,0
4047,1,0,1,0
4048,0,1,1,0
4049,0,1,1,0
4050,1,0,1,0
4051,1,0,1,0
4052,1,0,1,0
4053,1,0,1,0
4054,0,1,1,0
4055,1,0,1,0
4056,1,0,1,0
4057,1,0,1,0
4058,1,0,1,0
4059,1,0,1,0
4060,1,0,1,0
4061,1,0,1,0
4062,1,0,1,0
4063,0,1,1,0
4064,0,1,1,0
4065,0,1,0,1
4066,0,1,1,0
4067,1,0,1,0
4068,0,1,0,1
4069,1,0,1,0
4070,0,1,1,0
4071,0,1,1,0
4072,1,0,1,0
4073,0,1,1,0
4074,1,0,1,0
4075,1,0,1,0
4076,1,0,1,0
4077,0,1,1,0
4078,1,0,1,0
4079,1,0,1,0
4080,1,0,1,0
4081,1,0,1,0
4082,1,0,1,0
4083,1,0,1,0
4084,1,0,1,0
4085,1,0,1,0
4086,0,1,1,0
4087,1,0,1,0
4088,0,1,1,0
4089,1,0,1,0
4090,1,0,1,0
4091,0,1,1,0
4092,0,1,1,0
4093,1,0,1,0
4094,1,0,1,0
4095,1,0,1,0
4096,1,0,1,0
4097,0,1,1,0
4098,1,0,1,0
4099,0,1,1,0
4100,0,1,1,0
4101,0,1,1,0
4102,1,0,1,0
4103,1,0,1,0
4104,1,0,1,0
4105,0,1,1,0
4106,0,1,1,0
4107,1,0,1,0
4108,0,1,1,0
4109,0,1,1,0
4110,1,0,1,0
4111,1,0,1,0
4112,0,1,1,0
4113,1,0,1,0
4114,1,0,1,0
4115,1,0,1,0
4116,1,0,1,0
4117,0,1,1,0
4118,1,0,1,0
4119,1,0,1,0
4120,1,0,1,0
4121,0,1,1,0
4122,1,0,1,0
4123,0,1,1,0
4124,1,0,1,0
4125,1,0,1,0
4126,0,1,0,1
4127,1,0,1,0
4128,1,0,1,0
4129,0,1,1,0
4130,1,0,1,0
4131,1,0,1,0
4132,1,0,1,0
4133,1,0,1,0
4134,1,0,1,0
4135,0,1,1,0
4136,0,1,1,0
4137,1,0,1,0
4138,1,0,1,0
4139,0,1,0,1
4140,1,0,1,0
4141,1,0,1,0
4142,1,0,1,0
4143,0,1,1,0
4144,1,0,1,0
4145,1,0,1,0
4146,1,0,1,0
4147,1,0,1,0
4148,0,1,0,1
4149,0,1,1,0
4150,1,0,1,0
4151,1,0,1,0
4152,1,0,1,0
4153,1,0,1,0
4154,1,0,1,0
4155,1,0,1,0
4156,1,0,1,0
4157,0,1,1,0
4158,1,0,1,0
4159,1,0,1,0
4160,1,0,1,0
4161,0,1,1,0
4162,0,1,1,0
4163,1,0,1,0
4164,1,0,1,0
4165,0,1,1,0
4166,1,0,1,0
4167,1,0,1,0
4168,1,0,1,0
4169,0,1,1,0
4170,1,0,1,0
4171,1,0,1,0
4172,1,0,1,0
4173,1,0,1,0
4174,1,0,1,0
4175,0,1,1,0
4176,0,1,1,0
4177,0,1,1,0
4178,1,0,1,0
4179,0,1,1,0
4180,1,0,1,0
4181,1,0,1,0
4182,0,1,1,0
4183,0,1,1,0
4184,0,1,1,0
4185,0,1,1,0
4186,0,1,1,0
4187,1,0,1,0
4188,0,1,1,0
4189,1,0,1,0
4190,1,0,1,0
4191,0,1,1,0
4192,1,0,1,0
4193,1,0,1,0
4194,1,0,1,0
4195,1,0,1,0
4196,1,0,1,0
4197,1,0,1,0
4198,0,1,1,0
4199,1,0,1,0
4200,0,1,0,1
4201,0,1,1,0
4202,1,0,1,0
4203,0,1,0,1
4204,1,0,1,0
4205,0,1,1,0
4206,1,0,1,0
4207,1,0,1,0
4208,1,0,1,0
4209,0,1,1,0
4210,0,1,1,0
4211,1,0,1,0
4212,0,1,1,0
4213,0,1,1,0
4214,1,0,1,0
4215,1,0,1,0
4216,0,1,1,0
4217,1,0,1,0
4218,0,1,0,1
4219,1,0,1,0
4220,1,0,1,0
4221,1,0,1,0
4222,1,0,1,0
4223,0,1,1,0
4224,0,1,1,0
4225,0,1,1,0
4226,0,1,1,0
4227,1,0,1,0
4228,1,0,1,0
4229,1,0,1,0
4230,1,0,1,0
4231,1,0,1,0
4232,1,0,1,0
4233,1,0,1,0
4234,1,0,1,0
4235,1,0,1,0
4236,1,0,1,0
4237,0,1,1,0
4238,1,0,1,0
4239,1,0,1,0
4240,0,1,1,0
4241,0,1,1,0
4242,1,0,1,0
4243,0,1,1,0
4244,0,1,1,0
4245,1,0,1,0
4246,0,1,1,0
4247,0,1,1,0
4248,1,0,1,0
4249,1,0,1,0
4250,1,0,1,0
4251,0,1,1,0
4252,1,0,1,0
4253,0,1,1,0
4254,0,1,1,0
4255,1,0,1,0
4256,0,1,1,0
4257,0,1,1,0
4258,1,0,1,0
4259,0,1,1,0
4260,0,1,1,0
4261,0,1,0,1
4262,1,0,1,0
4263,1,0,1,0
4264,1,0,1,0
4265,0,1,0,1
4266,1,0,1,0
4267,1,0,1,0
4268,1,0,1,0
4269,0,1,1,0
4270,1,0,1,0
4271,0,1,1,0
4272,0,1,0,1
4273,0,1,1,0
4274,0,1,1,0
4275,1,0,1,0
4276,1,0,1,0
4277,1,0,1,0
4278,1,0,1,0
4279,1,0,1,0
4280,0,1,1,0
4281,1,0,1,0
4282,0,1,0,1
4283,0,1,1,0
4284,0,1,0,1
4285,0,1,0,1
4286,1,0,1,0
4287,0,1,1,0
4288,0,1,1,0
4289,1,0,1,0
4290,1,0,1,0
4291,1,0,1,0
4292,1,0,1,0
4293,1,0,1,0
4294,1,0,1,0
4295,0,1,1,0
4296,1,0,1,0
4297,1,0,1,0
4298,1,0,1,0
4299,0,1,0,1
4300,0,1,0,1
4301,0,1,0,1
4302,0,1,1,0
4303,0,1,1,0
4304,0,1,1,0
4305,0,1,1,0
4306,0,1,1,0
4307,0,1,0,1
4308,1,0,1,0
4309,1,0,1,0
4310,1,0,1,0
4311,1,0,1,0
4312,0,1,1,0
4313,1,0,1,0
4314,1,0,1,0
4315,0,1,0,1
4316,0,1,1,0
4317,0,1,0,1
4318,0,1,1,0
4319,1,0,1,0
4320,0,1,0,1
4321,1,0,1,0
4322,1,0,1,0
4323,0,1,0,1
4324,0,1,1,0
4325,1,0,1,0
4326,0,1,1,0
4327,0,1,0,1
4328,0,1,1,0
4329,0,1,1,0
4330,1,0,1,0
4331,1,0,1,0
4332,0,1,1,0
4333,0,1,1,0
4334,0,1,1,0
4335,1,0,1,0
4336,0,1,1,0
4337,0,1,1,0
4338,0,1,1,0
4339,1,0,1,0
4340,0,1,1,0
4341,1,0,1,0
4342,0,1,1,0
4343,1,0,1,0
4344,0,1,0,1
4345,0,1,1,0
4346,0,1,1,0
4347,1,0,1,0
4348,1,0,1,0
4349,0,1,1,0
4350,0,1,1,0
4351,0,1,1,0
4352,1,0,1,0
4353,0,1,1,0
4354,1,0,1,0
4355,0,1,1,0
4356,0,1,0,1
4357,0,1,1,0
4358,1,0,1,0
4359,1,0,1,0
4360,0,1,1,0
4361,1,0,1,0
4362,0,1,0,1
4363,0,1,1,0
4364,0,1,1,0
4365,1,0,1,0
4366,0,1,1,0
4367,1,0,1,0
4368,0,1,1,0
4369,0,1,1,0
4370,1,0,1,0
4371,1,0,1,0
4372,0,1,0,1
4373,0,1,0,1
4374,0,1,0,1
4375,0,1,1,0
4376,0,1,0,1
4377,0,1,1,0
4378,1,0,1,0
4379,0,1,0,1
4380,0,1,0,1
4381,0,1,1,0
4382,1,0,1,0
4383,0,1,0,1
4384,0,1,0,1
4385,0,1,0,1
4386,1,0,1,0
4387,0,1,0,1
4388,0,1,0,1
4389,1,0,1,0
4390,0,1,0,1
4391,0,1,1,0
4392,0,1,1,0
4393,1,0,1,0
4394,1,0,1,0
4395,0,1,1,0
4396,1,0,1,0
4397,0,1,1,0
4398,0,1,0,1
4399,0,1,0,1
4400,0,1,1,0
4401,1,0,1,0
4402,0,1,0,1
4403,0,1,0,1
4404,0,1,0,1
4405,0,1,0,1
4406,0,1,0,1
4407,0,1,1,0
4408,0,1,0,1
4409,0,1,1,0
4410,0,1,0,1
4411,0,1,0,1
4412,0,1,0,1
4413,0,1,1,0
4414,0,1,0,1
4415,0,1,0,1
4416,0,1,0,1
4417,0,1,0,1
4418,0,1,0,1
4419,0,1,0,1
4420,0,1,0,1
4421,0,1,0,1
4422,0,1,0,1
4423,0,1,0,1
4424,0,1,0,1
4425,0,1,1,0
4426,0,1,0,1
4427,1,0,1,0
4428,0,1,0,1
4429,0,1,0,1
4430,0,1,1,0
4431,0,1,0,1
4432,0,1,0,1
4433,0,1,0,1
4434,0,1,0,1
4435,0,1,0,1
4436,0,1,0,1
4437,0,1,0,1
4438,0,1,1,0
4439,0,1,0,1
4440,0,1,0,1
4441,0,1,0,1
4442,1,0,1,0
4443,0,1,1,0
4444,0,1,1,0
4445,0,1,0,1
4446,0,1,0,1
4447,0,1,0,1
4448,0,1,1,0
4449,0,1,0,1
4450,0,1,1,0
4451,0,1,1,0
4452,0,1,0,1
4453,0,1,1,0
4454,0,1,1,0
4455,0,1,1,0
4456,0,1,1,0
4457,0,1,1,0
4458,0,1,0,1
4459,1,0,1,0
4460,0,1,0,1
4461,0,1,1,0
4462,0,1,0,1
4463,0,1,0,1
4464,0,1,0,1
4465,0,1,0,1
4466,0,1,0,1
4467,0,1,0,1
4468,0,1,0,1
4469,0,1,1,0
4470,0,1,1,0
4471,0,1,0,1
4472,0,1,1,0
4473,0,1,0,1
4474,0,1,0,1
4475,0,1,1,0
4476,0,1,1,0
4477,0,1,0,1
4478,0,1,0,1
4479,0,1,0,1
4480,0,1,0,1
4481,0,1,0,1
4482,0,1,0,1
4483,1,0,1,0
4484,0,1,1,0
4485,0,1,1,0
4486,1,0,1,0
4487,1,0,1,0
4488,0,1,1,0
4489,0,1,1,0
4490,0,1,1,0
4491,1,0,1,0
4492,1,0,1,0
4493,0,1,1,0
4494,0,1,1,0
4495,0,1,1,0
4496,0,1,0,1
4497,0,1,0,1
4498,1,0,1,0
4499,0,1,0,1
4500,1,0,1,0
4501,0,1,0,1
4502,0,1,1,0
4503,0,1,1,0
4504,0,1,1,0
4505,0,1,1,0
4506,1,0,1,0
4507,0,1,1,0
4508,0,1,1,0
4509,0,1,0,1
4510,1,0,1,0
4511,0,1,0,1
4512,1,0,1,0
4513,1,0,1,0
4514,0,1,1,0
4515,0,1,1,0
4516,1,0,1,0
4517,0,1,1,0
4518,0,1,1,0
4519,0,1,1,0
4520,0,1,0,1
4521,0,1,1,0
4522,0,1,1,0
4523,1,0,1,0
4524,0,1,1,0
4525,0,1,1,0
4526,0,1,1,0
4527,0,1,0,1
4528,0,1,1,0
4529,0,1,1,0
4530,0,1,0,1
4531,0,1,1,0
4532,0,1,1,0
4533,0,1,1,0
4534,0,1,0,1
4535,1,0,1,0
4536,0,1,0,1
4537,0,1,1,0
4538,0,1,1,0
4539,1,0,1,0
4540,1,0,1,0
4541,0,1,1,0
4542,0,1,0,1
4543,0,1,0,1
4544,0,1,0,1
4545,0,1,0,1
4546,0,1,0,1
4547,0,1,0,1
4548,0,1,0,1
4549,0,1,0,1
4550,1,0,1,0
4551,0,1,0,1
4552,1,0,1,0
4553,0,1,1,0
4554,0,1,1,0
4555,1,0,1,0
4556,0,1,0,1
4557,0,1,0,1
4558,0,1,0,1
4559,0,1,1,0
4560,0,1,0,1
4561,0,1,0,1
4562,0,1,1,0
4563,0,1,0,1
4564,0,1,0,1
4565,0,1,0,1
4566,0,1,1,0
4567,0,1,0,1
4568,0,1,0,1
4569,0,1,0,1
4570,0,1,0,1
4571,0,1,1,0
4572,0,1,0,1
4573,0,1,0,1
4574,0,1,0,1
4575,0,1,0,1
4576,0,1,0,1
4577,0,1,0,1
4578,0,1,1,0
4579,0,1,1,0
4580,0,1,0,1
4581,1,0,1,0
4582,0,1,1,0
4583,0,1,1,0
4584,0,1,0,1
4585,0,1,1,0
4586,0,1,0,1
4587,0,1,0,1
4588,0,1,0,1
4589,0,1,0,1
4590,0,1,0,1
4591,0,1,0,1
4592,0,1,0,1
4593,0,1,0,1
4594,0,1,0,1
4595,0,1,0,1
4596,0,1,0,1
4597,0,1,0,1
4598,0,1,0,1
4599,0,1,1,0
4600,0,1,0,1
4601,0,1,0,1
4602,0,1,1,0
4603,0,1,1,0
4604,0,1,0,1
4605,0,1,1,0
4606,0,1,1,0
4607,0,1,0,1
4608,0,1,1,0
4609,0,1,0,1
4610,0,1,0,1
4611,0,1,1,0
4612,0,1,0,1
4613,0,1,0,1
4614,0,1,1,0
4615,0,1,0,1
4616,0,1,1,0
4617,0,1,1,0
4618,0,1,0,1
4619,0,1,0,1
4620,0,1,0,1
4621,0,1,0,1
4622,0,1,0,1
4623,0,1,1,0
4624,0,1,0,1
4625,0,1,0,1
4626,0,1,0,1
4627,0,1,0,1
4628,0,1,0,1
4629,0,1,1,0
4630,0,1,1,0
4631,0,1,1,0
4632,1,0,1,0
4633,0,1,1,0
4634,1,0,1,0
4635,1,0,1,0
4636,0,1,1,0
4637,0,1,0,1
4638,1,0,1,0
4639,1,0,1,0
4640,0,1,1,0
4641,0,1,0,1
4642,0,1,0,1
4643,1,0,1,0
4644,0,1,0,1
4645,0,1,1,0
4646,1,0,0,1
4647,0,1,0,1
4648,0,1,1,0
4649,0,1,0,1
4650,0,1,1,0
4651,0,1,0,1
4652,0,1,0,1
4653,0,1,0,1
4654,0,1,0,1
4655,0,1,0,1
4656,0,1,0,1
4657,0,1,0,1
4658,0,1,0,1
4659,0,1,0,1
4660,0,1,0,1
4661,0,1,0,1
4662,0,1,1,0
4663,0,1,0,1
4664,0,1,0,1
4665,0,1,1,0
4666,0,1,0,1
4667,0,1,0,1
4668,0,1,0,1
4669,0,1,0,1
4670,0,1,0,1
4671,0,1,1,0
4672,0,1,0,1
4673,0,1,1,0
4674,0,1,1,0
4675,0,1,1,0
4676,0,1,1,0
4677,0,1,1,0
4678,0,1,1,0
4679,0,1,1,0
4680,0,1,1,0
4681,0,1,0,1
4682,0,1,0,1
4683,0,1,1,0
4684,1,0,1,0
4685,1,0,1,0
4686,0,1,1,0
4687,0,1,1,0
4688,0,1,1,0
4689,0,1,1,0
4690,1,0,1,0
4691,0,1,0,1
4692,1,0,1,0
4693,0,1,1,0
4694,0,1,1,0
4695,1,0,1,0
4696,0,1,1,0
4697,0,1,1,0
4698,0,1,1,0
4699,1,0,1,0
4700,0,1,1,0
4701,1,0,1,0
4702,0,1,1,0
4703,0,1,1,0
4704,1,0,1,0
4705,0,1,0,1
4706,0,1,0,1
4707,0,1,1,0
4708,0,1,0,1
4709,1,0,1,0
4710,1,0,1,0
4711,0,1,1,0
4712,0,1,1,0
4713,0,1,1,0
4714,0,1,1,0
4715,0,1,0,1
4716,0,1,1,0
4717,0,1,1,0
4718,0,1,1,0
4719,0,1,1,0
4720,0,1,1,0
4721,0,1,1,0
4722,1,0,1,0
4723,0,1,1,0
4724,0,1,1,0
4725,0,1,1,0
4726,0,1,1,0
4727,1,0,1,0
4728,0,1,0,1
4729,0,1,1,0
4730,0,1,0,1
4731,1,0,1,0
4732,1,0,1,0
4733,1,0,1,0
4734,0,1,1,0
4735,0,1,0,1
4736,0,1,0,1
4737,1,0,1,0
4738,1,0,1,0
4739,0,1,1,0
4740,0,1,0,1
4741,0,1,1,0
4742,0,1,1,0
4743,0,1,0,1
4744,0,1,0,1
4745,0,1,1,0
4746,0,1,0,1
4747,0,1,0,1
4748,0,1,0,1
4749,0,1,0,1
4750,0,1,0,1
4751,0,1,0,1
4752,0,1,1,0
4753,0,1,0,1
4754,0,1,1,0
4755,0,1,0,1
4756,0,1,0,1
4757,0,1,0,1
4758,0,1,1,0
4759,0,1,0,1
4760,1,0,1,0
4761,0,1,0,1
4762,0,1,0,1
4763,0,1,1,0
4764,0,1,0,1
4765,0,1,0,1
4766,1,0,0,1
4767,0,1,0,1
4768,0,1,0,1
4769,0,1,0,1
4770,0,1,0,1
4771,0,1,1,0
4772,1,0,1,0
4773,1,0,1,0
4774,0,1,1,0
4775,0,1,0,1
4776,0,1,0,1
4777,0,1,1,0
4778,0,1,1,0
4779,0,1,0,1
4780,0,1,0,1
4781,0,1,1,0
4782,1,0,1,0
4783,0,1,1,0
4784,0,1,1,0
4785,0,1,1,0
4786,0,1,1,0
4787,0,1,1,0
4788,0,1,0,1
4789,1,0,1,0
4790,0,1,1,0
4791,1,0,1,0
4792,0,1,1,0
4793,0,1,1,0
4794,0,1,0,1
4795,0,1,0,1
4796,1,0,1,0
4797,1,0,1,0
4798,0,1,1,0
4799,1,0,1,0
4800,1,0,1,0
4801,1,0,1,0
4802,0,1,1,0
4803,0,1,1,0
4804,1,0,1,0
4805,1,0,1,0
4806,0,1,0,1
4807,1,0,1,0
4808,0,1,0,1
4809,0,1,0,1
4810,0,1,0,1
4811,0,1,0,1
4812,0,1,0,1
4813,0,1,1,0
4814,0,1,0,1
4815,0,1,1,0
4816,0,1,0,1
4817,0,1,1,0
4818,0,1,0,1
4819,0,1,0,1
4820,0,1,0,1
4821,0,1,1,0
4822,0,1,0,1
4823,0,1,0,1
4824,0,1,0,1
4825,0,1,0,1
4826,0,1,1,0
4827,0,1,0,1
4828,0,1,1,0
4829,0,1,0,1
4830,0,1,0,1
4831,0,1,0,1
4832,0,1,0,1
4833,0,1,1,0
4834,0,1,0,1
4835,0,1,0,1
4836,0,1,0,1
4837,0,1,0,1
4838,0,1,1,0
4839,0,1,0,1
4840,0,1,0,1
4841,0,1,0,1
4842,0,1,1,0
4843,1,0,1,0
4844,0,1,0,1
4845,1,0,1,0
4846,0,1,0,1
4847,0,1,1,0
4848,0,1,0,1
4849,0,1,0,1
4850,1,0,1,0
4851,0,1,0,1
4852,0,1,1,0
4853,0,1,0,1
4854,0,1,0,1
4855,0,1,1,0
4856,0,1,0,1
4857,0,1,0,1
4858,0,1,0,1
4859,0,1,0,1
4860,0,1,1,0
4861,0,1,1,0
4862,0,1,1,0
4863,0,1,0,1
4864,0,1,0,1
4865,0,1,0,1
4866,0,1,1,0
4867,0,1,0,1
4868,0,1,0,1
4869,0,1,0,1
4870,0,1,1,0
4871,0,1,0,1
4872,0,1,0,1
4873,0,1,0,1
4874,0,1,0,1
4875,0,1,0,1
4876,0,1,1,0
4877,0,1,0,1
4878,0,1,1,0
4879,0,1,0,1
4880,0,1,0,1
4881,0,1,1,0
4882,0,1,0,1
4883,0,1,1,0
4884,0,1,0,1
4885,0,1,0,1
4886,1,0,1,0
4887,0,1,1,0
4888,0,1,1,0
4889,0,1,0,1
4890,0,1,0,1
4891,0,1,0,1
4892,0,1,0,1
4893,1,0,1,0
4894,0,1,1,0
4895,0,1,0,1
4896,0,1,1,0
4897,1,0,1,0
4898,0,1,0,1
4899,0,1,0,1
4900,0,1,0,1
4901,0,1,0,1
4902,0,1,0,1
4903,0,1,1,0
4904,0,1,1,0
4905,0,1,0,1
4906,0,1,0,1
4907,0,1,0,1
4908,1,0,1,0
4909,0,1,1,0
4910,0,1,0,1
4911,0,1,0,1
4912,0,1,0,1
4913,0,1,1,0
4914,0,1,1,0
4915,0,1,1,0
4916,0,1,1,0
4917,0,1,0,1
4918,0,1,1,0
4919,0,1,1,0
4920,0,1,0,1
4921,0,1,0,1
4922,0,1,0,1
4923,1,0,1,0
4924,0,1,0,1
4925,0,1,0,1
4926,0,1,0,1
4927,0,1,1,0
4928,0,1,0,1
4929,0,1,0,1
4930,0,1,1,0
4931,0,1,0,1
4932,0,1,1,0
4933,0,1,1,0
4934,0,1,0,1
4935,0,1,0,1
4936,0,1,0,1
4937,0,1,1,0
4938,0,1,0,1
4939,0,1,1,0
4940,0,1,0,1
4941,0,1,0,1
4942,0,1,1,0
4943,0,1,0,1
4944,0,1,1,0
4945,0,1,0,1
4946,0,1,0,1
4947,0,1,0,1
4948,0,1,0,1
4949,0,1,0,1
4950,0,1,0,1
4951,0,1,0,1
4952,0,1,0,1
4953,0,1,1,0
4954,0,1,1,0
4955,0,1,0,1
4956,0,1,0,1
4957,0,1,0,1
4958,0,1,0,1
4959,0,1,0,1
4960,0,1,0,1
4961,0,1,0,1
4962,0,1,0,1
4963,0,1,0,1
4964,0,1,1,0
4965,0,1,1,0
4966,0,1,0,1
4967,0,1,1,0
4968,0,1,1,0
4969,0,1,0,1
4970,0,1,0,1
4971,0,1,1,0
4972,0,1,1,0
4973,0,1,0,1
4974,0,1,1,0
4975,0,1,1,0
4976,0,1,0,1
4977,1,0,1,0
4978,1,0,1,0
4979,0,1,1,0
4980,0,1,1,0
4981,0,1,1,0
4982,0,1,1,0
4983,0,1,1,0
4984,0,1,1,0
4985,0,1,0,1
4986,0,1,1,0
4987,0,1,1,0
4988,0,1,0,1
4989,0,1,1,0
4990,0,1,0,1
4991,0,1,1,0
4992,0,1,0,1
4993,0,1,0,1
4994,0,1,1,0
4995,0,1,0,1
4996,0,1,0,1
4997,0,1,1,0
4998,0,1,1,0
4999,0,1,1,0
5000,0,1,1,0
5001,0,1,1,0
5002,0,1,1,0
5003,0,1,1,0
5004,0,1,1,0
5005,0,1,0,1
5006,0,1,0,1
5007,0,1,0,1
5008,0,1,0,1
5009,0,1,0,1
5010,0,1,0,1
5011,0,1,0,1
5012,0,1,0,1
5013,0,1,1,0
5014,0,1,0,1
5015,0,1,0,1
5016,0,1,0,1
5017,0,1,0,1
5018,0,1,1,0
5019,0,1,1,0
5020,0,1,1,0
5021,0,1,0,1
5022,0,1,0,1
5023,1,0,1,0
5024,0,1,0,1
5025,0,1,0,1
5026,0,1,0,1
5027,0,1,0,1
5028,0,1,0,1
5029,0,1,0,1
5030,0,1,0,1
5031,0,1,1,0
5032,0,1,0,1
5033,0,1,0,1
5034,0,1,0,1
5035,0,1,0,1
5036,1,0,1,0
5037,0,1,1,0
5038,0,1,0,1
5039,0,1,1,0
5040,0,1,1,0
5041,0,1,1,0
5042,0,1,0,1
5043,0,1,1,0
5044,0,1,0,1
5045,0,1,0,1
5046,1,0,1,0
5047,0,1,0,1
5048,0,1,0,1
5049,0,1,0,1
5050,0,1,0,1
5051,0,1,0,1
5052,0,1,0,1
5053,0,1,0,1
5054,0,1,0,1
5055,0,1,0,1
5056,0,1,0,1
5057,0,1,0,1
5058,0,1,0,1
5059,0,1,1,0
5060,0,1,1,0
5061,0,1,1,0
5062,0,1,1,0
5063,0,1,1,0
5064,0,1,1,0
5065,0,1,1,0
5066,0,1,1,0
5067,0,1,1,0
5068,0,1,1,0
5069,0,1,1,0
5070,0,1,0,1
5071,0,1,1,0
5072,0,1,1,0
5073,1,0,1,0
5074,0,1,1,0
5075,0,1,1,0
5076,0,1,0,1
5077,0,1,0,1
5078,0,1,0,1
5079,0,1,1,0
5080,1,0,1,0
5081,0,1,1,0
5082,0,1,1,0
5083,0,1,0,1
5084,0,1,0,1
5085,0,1,1,0
5086,0,1,0,1
5087,0,1,0,1
5088,0,1,0,1
5089,0,1,0,1
5090,0,1,0,1
5091,0,1,0,1
5092,0,1,0,1
5093,0,1,0,1
5094,1,0,1,0
5095,0,1,0,1
5096,0,1,1,0
5097,1,0,1,0
5098,0,1,0,1
5099,0,1,0,1
5100,1,0,1,0
5101,0,1,0,1
5102,0,1,0,1
5103,0,1,0,1
5104,0,1,0,1
5105,0,1,0,1
5106,1,0,1,0
5107,0,1,1,0
5108,1,0,1,0
5109,0,1,0,1
5110,0,1,0,1
5111,0,1,0,1
5112,0,1,1,0
5113,0,1,1,0
5114,0,1,0,1
5115,0,1,0,1
5116,1,0,1,0
5117,1,0,1,0
5118,0,1,0,1
5119,0,1,0,1
5120,0,1,1,0
5121,0,1,0,1
5122,0,1,0,1
5123,0,1,0,1
5124,0,1,1,0
5125,0,1,1,0
5126,0,1,1,0
5127,0,1,1,0
5128,0,1,1,0
5129,0,1,0,1
5130,0,1,0,1
5131,0,1,1,0
5132,0,1,0,1
5133,0,1,0,1
5134,0,1,0,1
5135,0,1,0,1
5136,0,1,1,0
5137,1,0,1,0
5138,0,1,0,1
5139,0,1,1,0
5140,1,0,1,0
5141,1,0,1,0
5142,1,0,1,0
5143,0,1,0,1
5144,1,0,1,0
5145,1,0,1,0
5146,0,1,1,0
5147,1,0,1,0
5148,1,0,1,0
5149,0,1,1,0
5150,1,0,1,0
5151,1,0,0,1
5152,1,0,1,0
5153,0,1,1,0
5154,0,1,1,0
5155,1,0,1,0
5156,0,1,1,0
5157,0,1,1,0
5158,0,1,1,0
5159,0,1,1,0
5160,0,1,1,0
5161,0,1,1,0
5162,0,1,0,1
5163,0,1,1,0
5164,0,1,1,0
5165,0,1,1,0
5166,0,1,1,0
5167,0,1,1,0
5168,0,1,1,0
5169,0,1,1,0
5170,0,1,1,0
5171,0,1,1,0
5172,0,1,0,1
5173,0,1,1,0
5174,0,1,0,1
5175,0,1,0,1
5176,0,1,0,1
5177,0,1,0,1
5178,0,1,1,0
5179,0,1,0,1
5180,0,1,1,0
5181,0,1,0,1
5182,0,1,1,0
5183,0,1,0,1
5184,0,1,1,0
5185,0,1,0,1
5186,0,1,0,1
5187,0,1,0,1
5188,0,1,0,1
5189,0,1,0,1
5190,0,1,1,0
5191,0,1,1,0
5192,0,1,0,1
5193,0,1,0,1
5194,0,1,1,0
5195,1,0,1,0
5196,0,1,0,1
5197,0,1,1,0
5198,0,1,0,1
5199,0,1,0,1
5200,1,0,1,0
5201,0,1,0,1
5202,1,0,1,0
5203,0,1,1,0
5204,0,1,1,0
5205,1,0,1,0
5206,0,1,1,0
5207,0,1,0,1
5208,1,0,1,0
5209,0,1,0,1
5210,0,1,0,1
5211,0,1,0,1
5212,0,1,0,1
5213,1,0,1,0
5214,0,1,0,1
5215,1,0,1,0
5216,0,1,0,1
5217,0,1,1,0
5218,0,1,0,1
5219,0,1,1,0
5220,0,1,1,0
5221,0,1,0,1
5222,0,1,0,1
5223,0,1,0,1
5224,0,1,0,1
5225,1,0,0,1
5226,0,1,0,1
5227,0,1,0,1
5228,0,1,1,0
5229,0,1,1,0
5230,0,1,1,0
5231,0,1,0,1
5232,0,1,0,1
5233,0,1,1,0
5234,0,1,0,1
5235,1,0,1,0
5236,1,0,1,0
5237,0,1,1,0
5238,1,0,1,0
5239,1,0,1,0
5240,0,1,0,1
5241,0,1,0,1
5242,0,1,0,1
5243,0,1,0,1
5244,0,1,0,1
5245,0,1,0,1
5246,0,1,0,1
5247,0,1,1,0
5248,0,1,1,0
5249,0,1,0,1
5250,0,1,0,1
5251,0,1,0,1
5252,1,0,1,0
5253,0,1,1,0
5254,1,0,1,0
5255,0,1,0,1
5256,0,1,0,1
5257,0,1,0,1
5258,0,1,0,1
5259,0,1,1,0
5260,0,1,0,1
5261,0,1,0,1
5262,0,1,1,0
5263,1,0,0,1
5264,0,1,0,1
5265,0,1,0,1
5266,0,1,0,1
5267,0,1,0,1
5268,0,1,0,1
5269,0,1,0,1
5270,0,1,0,1
5271,0,1,0,1
5272,0,1,0,1
5273,0,1,0,1
5274,0,1,1,0
5275,0,1,0,1
5276,0,1,0,1
5277,0,1,0,1
5278,0,1,0,1
5279,0,1,0,1
5280,0,1,0,1
5281,0,1,0,1
5282,0,1,0,1
5283,0,1,1,0
5284,0,1,0,1
5285,0,1,0,1
5286,0,1,0,1
5287,0,1,1,0
5288,0,1,0,1
5289,0,1,1,0
5290,0,1,0,1
5291,1,0,1,0
5292,0,1,0,1
5293,0,1,0,1
5294,0,1,0,1
5295,0,1,0,1
5296,1,0,1,0
5297,0,1,0,1
5298,0,1,1,0
5299,0,1,0,1
5300,0,1,0,1
5301,0,1,0,1
5302,0,1,0,1
5303,0,1,0,1
5304,0,1,0,1
5305,0,1,0,1
5306,0,1,0,1
5307,0,1,0,1
5308,0,1,0,1
5309,0,1,0,1
5310,0,1,0,1
5311,0,1,0,1
5312,0,1,1,0
5313,0,1,1,0
5314,0,1,0,1
5315,1,0,1,0
5316,0,1,1,0
5317,0,1,0,1
5318,1,0,1,0
5319,0,1,1,0
5320,0,1,0,1
5321,0,1,1,0
5322,0,1,1,0
5323,0,1,1,0
5324,0,1,0,1
5325,0,1,0,1
5326,0,1,1,0
5327,0,1,0,1
5328,0,1,0,1
5329,0,1,0,1
5330,0,1,0,1
5331,0,1,0,1
5332,0,1,0,1
5333,1,0,1,0
5334,0,1,0,1
5335,0,1,1,0
5336,0,1,0,1
5337,0,1,0,1
5338,0,1,1,0
5339,0,1,0,1
5340,0,1,1,0
5341,0,1,1,0
5342,1,0,1,0
5343,0,1,1,0
5344,0,1,0,1
5345,0,1,0,1
5346,0,1,0,1
5347,0,1,0,1
5348,0,1,0,1
5349,0,1,0,1
5350,0,1,0,1
5351,0,1,0,1
5352,0,1,0,1
5353,0,1,0,1
5354,0,1,0,1
5355,1,0,1,0
5356,0,1,0,1
5357,0,1,0,1
5358,0,1,0,1
5359,0,1,1,0
5360,0,1,0,1
5361,0,1,0,1
5362,0,1,0,1
5363,0,1,1,0
5364,0,1,0,1
5365,0,1,0,1
5366,0,1,0,1
5367,0,1,0,1
5368,0,1,0,1
5369,0,1,0,1
5370,0,1,0,1
5371,1,0,0,1
5372,0,1,0,1
5373,1,0,1,0
5374,0,1,0,1
5375,0,1,0,1
5376,0,1,0,1
5377,0,1,0,1
5378,0,1,1,0
5379,0,1,1,0
5380,0,1,1,0
5381,0,1,1,0
5382,0,1,0,1
5383,0,1,1,0
5384,0,1,1,0
5385,0,1,1,0
5386,0,1,1,0
5387,0,1,1,0
5388,0,1,1,0
5389,0,1,1,0
5390,0,1,1,0
5391,0,1,1,0
5392,0,1,1,0
5393,0,1,1,0
5394,0,1,1,0
5395,0,1,1,0
5396,0,1,0,1
5397,0,1,0,1
5398,0,1,0,1
5399,0,1,0,1
5400,0,1,0,1
5401,1,0,1,0
5402,0,1,1,0
5403,0,1,0,1
5404,0,1,0,1
5405,0,1,0,1
5406,0,1,1,0
5407,0,1,1,0
5408,0,1,1,0
5409,0,1,0,1
5410,0,1,1,0
5411,0,1,1,0
5412,0,1,0,1
5413,1,0,1,0
5414,0,1,0,1
5415,0,1,0,1
5416,0,1,0,1
5417,1,0,1,0
5418,1,0,1,0
5419,0,1,1,0
5420,0,1,1,0
5421,0,1,1,0
5422,0,1,1,0
5423,0,1,0,1
5424,0,1,1,0
5425,0,1,1,0
5426,0,1,1,0
5427,0,1,1,0
5428,0,1,1,0
5429,0,1,0,1
5430,0,1,1,0
5431,1,0,1,0
5432,0,1,0,1
5433,0,1,0,1
5434,0,1,0,1
5435,0,1,0,1
5436,0,1,0,1
5437,0,1,0,1
5438,0,1,1,0
5439,1,0,1,0
5440,0,1,0,1
5441,0,1,0,1
5442,0,1,0,1
5443,0,1,1,0
5444,0,1,0,1
5445,0,1,1,0
5446,0,1,1,0
5447,0,1,0,1
5448,0,1,0,1
5449,0,1,0,1
5450,0,1,0,1
5451,0,1,0,1
5452,0,1,0,1
5453,0,1,0,1
5454,0,1,0,1
5455,0,1,0,1
5456,0,1,0,1
5457,1,0,1,0
5458,1,0,1,0
5459,0,1,0,1
5460,0,1,0,1
5461,0,1,0,1
5462,0,1,0,1
5463,0,1,1,0
5464,1,0,1,0
5465,1,0,1,0
5466,1,0,1,0
5467,1,0,1,0
5468,0,1,0,1
5469,0,1,0,1
5470,0,1,1,0
5471,0,1,0,1
5472,0,1,1,0
5473,0,1,1,0
5474,0,1,1,0
5475,0,1,0,1
5476,0,1,0,1
5477,0,1,1,0
5478,0,1,0,1
5479,0,1,1,0
5480,0,1,0,1
5481,0,1,0,1
5482,0,1,0,1
5483,0,1,0,1
5484,0,1,0,1
5485,0,1,0,1
5486,0,1,1,0
5487,0,1,0,1
5488,0,1,0,1
5489,0,1,1,0
5490,0,1,0,1
5491,0,1,1,0
5492,0,1,0,1
5493,0,1,0,1
5494,0,1,0,1
5495,0,1,0,1
5496,0,1,0,1
5497,0,1,0,1
5498,0,1,0,1
5499,1,0,1,0
5500,1,0,1,0
5501,1,0,1,0
5502,0,1,1,0
5503,1,0,1,0
5504,0,1,0,1
5505,1,0,1,0
5506,1,0,0,1
5507,0,1,0,1
5508,0,1,0,1
5509,0,1,0,1
5510,0,1,0,1
5511,0,1,0,1
5512,0,1,0,1
5513,0,1,0,1
5514,0,1,1,0
5515,0,1,0,1
5516,0,1,0,1
5517,0,1,1,0
5518,0,1,0,1
5519,0,1,0,1
5520,0,1,1,0
5521,0,1,0,1
5522,0,1,0,1
5523,0,1,0,1
5524,0,1,0,1
5525,0,1,1,0
5526,0,1,0,1
5527,0,1,0,1
5528,0,1,1,0
5529,0,1,0,1
5530,1,0,1,0
5531,0,1,0,1
5532,1,0,1,0
5533,0,1,0,1
5534,0,1,1,0
5535,0,1,0,1
5536,0,1,1,0
5537,0,1,1,0
5538,0,1,0,1
5539,0,1,0,1
5540,0,1,0,1
5541,0,1,0,1
5542,0,1,1,0
5543,1,0,1,0
5544,0,1,1,0
5545,1,0,1,0
5546,0,1,1,0
5547,0,1,1,0
5548,0,1,1,0
5549,1,0,1,0
5550,0,1,1,0
5551,0,1,1,0
5552,0,1,0,1
5553,0,1,0,1
5554,0,1,1,0
5555,1,0,1,0
5556,0,1,0,1
5557,0,1,0,1
5558,1,0,1,0
5559,0,1,0,1
5560,0,1,0,1
5561,0,1,0,1
5562,0,1,0,1
5563,0,1,0,1
5564,0,1,0,1
5565,1,0,1,0
5566,0,1,0,1
5567,0,1,0,1
5568,0,1,1,0
5569,0,1,0,1
5570,0,1,0,1
5571,0,1,0,1
5572,0,1,0,1
5573,0,1,1,0
5574,0,1,0,1
5575,0,1,1,0
5576,0,1,0,1
5577,0,1,0,1
5578,1,0,1,0
5579,1,0,1,0
5580,1,0,1,0
5581,0,1,0,1
5582,0,1,0,1
5583,0,1,0,1
5584,0,1,1,0
5585,0,1,0,1
5586,0,1,1,0
5587,0,1,1,0
5588,0,1,0,1
5589,0,1,0,1
5590,0,1,1,0
5591,0,1,1,0
5592,0,1,0,1
5593,0,1,0,1
5594,0,1,0,1
5595,0,1,0,1
5596,0,1,1,0
5597,0,1,0,1
5598,0,1,0,1
5599,0,1,0,1
5600,0,1,0,1
5601,0,1,0,1
5602,1,0,1,0
5603,0,1,1,0
5604,1,0,1,0
5605,1,0,1,0
5606,0,1,0,1
5607,0,1,1,0
5608,0,1,1,0
5609,0,1,1,0
5610,0,1,0,1
5611,0,1,0,1
5612,0,1,0,1
5613,0,1,0,1
5614,0,1,0,1
5615,0,1,0,1
5616,0,1,0,1
5617,0,1,0,1
5618,0,1,0,1
5619,0,1,0,1
5620,0,1,0,1
5621,0,1,1,0
5622,0,1,0,1
5623,0,1,1,0
5624,0,1,1,0
5625,0,1,0,1
5626,0,1,0,1
5627,0,1,0,1
5628,0,1,1,0
5629,1,0,1,0
5630,0,1,0,1
5631,0,1,0,1
5632,0,1,1,0
5633,0,1,1,0
5634,0,1,0,1
5635,0,1,1,0
5636,0,1,0,1
5637,0,1,1,0
5638,0,1,1,0
5639,0,1,0,1
5640,0,1,0,1
5641,0,1,0,1
5642,0,1,0,1
5643,0,1,0,1
5644,0,1,0,1
5645,0,1,0,1
5646,0,1,1,0
5647,0,1,0,1
5648,0,1,1,0
5649,0,1,1,0
5650,1,0,1,0
5651,1,0,1,0
5652,0,1,1,0
5653,0,1,1,0
5654,0,1,1,0
5655,0,1,1,0
5656,0,1,0,1
5657,0,1,0,1
5658,0,1,0,1
5659,0,1,0,1
5660,0,1,0,1
5661,0,1,1,0
5662,0,1,0,1
5663,1,0,1,0
5664,0,1,0,1
5665,0,1,0,1
5666,0,1,1,0
5667,1,0,1,0
5668,0,1,0,1
5669,0,1,0,1
5670,0,1,0,1
5671,0,1,1,0
5672,0,1,0,1
5673,0,1,0,1
5674,0,1,0,1
5675,0,1,0,1
5676,0,1,1,0
5677,1,0,1,0
5678,0,1,0,1
5679,0,1,0,1
5680,0,1,0,1
5681,0,1,1,0
5682,0,1,0,1
5683,0,1,0,1
5684,0,1,0,1
5685,0,1,0,1
5686,0,1,0,1
5687,0,1,0,1
5688,0,1,0,1
5689,0,1,0,1
5690,0,1,0,1
5691,1,0,1,0
5692,0,1,1,0
5693,1,0,1,0
5694,1,0,1,0
5695,0,1,0,1
5696,0,1,1,0
5697,0,1,0,1
5698,0,1,1,0
5699,0,1,0,1
5700,1,0,1,0
5701,0,1,1,0
5702,0,1,0,1
5703,0,1,0,1
5704,1,0,1,0
5705,0,1,0,1
5706,0,1,1,0
5707,0,1,1,0
5708,1,0,1,0
5709,0,1,0,1
5710,0,1,0,1
5711,0,1,1,0
5712,1,0,1,0
5713,0,1,0,1
5714,1,0,1,0
5715,0,1,0,1
5716,0,1,0,1
5717,0,1,0,1
5718,0,1,0,1
5719,0,1,1,0
5720,1,0,1,0
5721,0,1,0,1
5722,0,1,0,1
5723,0,1,0,1
5724,0,1,0,1
5725,0,1,0,1
5726,0,1,0,1
5727,0,1,0,1
5728,0,1,0,1
5729,0,1,0,1
5730,0,1,0,1
5731,0,1,1,0
5732,0,1,1,0
5733,0,1,0,1
5734,0,1,1,0
5735,0,1,0,1
5736,0,1,0,1
5737,1,0,1,0
5738,1,0,1,0
5739,0,1,0,1
5740,0,1,0,1
5741,0,1,0,1
5742,0,1,1,0
5743,0,1,1,0
5744,0,1,1,0
5745,0,1,1,0
5746,0,1,1,0
5747,1,0,1,0
5748,0,1,1,0
5749,0,1,0,1
5750,0,1,0,1
5751,0,1,0,1
5752,0,1,1,0
5753,0,1,0,1
5754,0,1,0,1
5755,0,1,0,1
5756,0,1,1,0
5757,0,1,1,0
5758,0,1,1,0
5759,0,1,0,1
5760,0,1,1,0
5761,1,0,1,0
5762,0,1,1,0
5763,0,1,1,0
5764,0,1,0,1
5765,0,1,0,1
5766,0,1,1,0
5767,0,1,0,1
5768,0,1,0,1
5769,0,1,1,0
5770,1,0,1,0
5771,1,0,1,0
5772,1,0,1,0
5773,1,0,1,0
5774,0,1,0,1
5775,1,0,1,0
5776,0,1,0,1
5777,0,1,1,0
5778,0,1,1,0
5779,0,1,1,0
5780,0,1,0,1
5781,0,1,0,1
5782,0,1,0,1
5783,0,1,0,1
5784,0,1,0,1
5785,0,1,0,1
5786,0,1,1,0
5787,0,1,1,0
5788,0,1,0,1
5789,0,1,1,0
5790,0,1,0,1
5791,0,1,0,1
5792,0,1,1,0
5793,0,1,1,0
5794,0,1,1,0
5795,0,1,0,1
5796,0,1,0,1
5797,0,1,1,0
5798,1,0,1,0
5799,0,1,1,0
5800,1,0,1,0
5801,0,1,1,0
5802,0,1,1,0
5803,0,1,0,1
5804,0,1,0,1
5805,0,1,0,1
5806,0,1,0,1
5807,0,1,1,0
5808,0,1,0,1
5809,0,1,0,1
5810,1,0,1,0
5811,1,0,1,0
5812,1,0,1,0
5813,1,0,1,0
5814,1,0,1,0
5815,0,1,1,0
5816,1,0,1,0
5817,0,1,1,0
5818,0,1,0,1
5819,0,1,0,1
5820,0,1,1,0
5821,0,1,0,1
5822,0,1,0,1
5823,0,1,0,1
5824,0,1,1,0
5825,0,1,1,0
5826,0,1,1,0
5827,0,1,0,1
5828,0,1,0,1
5829,0,1,0,1
5830,0,1,1,0
5831,1,0,1,0
5832,0,1,0,1
5833,1,0,1,0
5834,1,0,1,0
5835,1,0,1,0
5836,0,1,1,0
5837,0,1,0,1
5838,0,1,1,0
5839,0,1,1,0
5840,0,1,0,1
5841,0,1,0,1
5842,0,1,1,0
5843,0,1,1,0
5844,1,0,1,0
5845,0,1,0,1
5846,0,1,1,0
5847,0,1,0,1
5848,0,1,0,1
5849,1,0,1,0
5850,1,0,1,0
5851,0,1,1,0
5852,0,1,0,1
5853,0,1,0,1
5854,0,1,1,0
5855,1,0,1,0
5856,0,1,0,1
5857,1,0,1,0
5858,0,1,0,1
5859,0,1,0,1
5860,0,1,0,1
5861,0,1,0,1
5862,1,0,1,0
5863,0,1,1,0
5864,0,1,1,0
5865,0,1,1,0
5866,0,1,0,1
5867,0,1,0,1
5868,1,0,1,0
5869,0,1,1,0
5870,0,1,1,0
5871,0,1,1,0
5872,0,1,1,0
5873,0,1,0,1
5874,0,1,0,1
5875,0,1,0,1
5876,0,1,1,0
5877,0,1,0,1
5878,0,1,0,1
5879,0,1,1,0
5880,0,1,0,1
5881,0,1,1,0
5882,0,1,1,0
5883,0,1,1,0
5884,0,1,1,0
5885,0,1,1,0
5886,0,1,0,1
5887,0,1,0,1
5888,1,0,1,0
5889,0,1,0,1
5890,0,1,0,1
5891,0,1,0,1
5892,0,1,0,1
5893,0,1,0,1
5894,0,1,1,0
5895,0,1,1,0
5896,0,1,0,1
5897,0,1,0,1
5898,0,1,1,0
5899,0,1,0,1
5900,0,1,0,1
5901,0,1,0,1
5902,0,1,1,0
5903,0,1,0,1
5904,0,1,1,0
5905,0,1,1,0
5906,0,1,1,0
5907,0,1,0,1
5908,1,0,1,0
5909,0,1,1,0
5910,0,1,1,0
5911,0,1,1,0
5912,0,1,0,1
5913,0,1,0,1
5914,0,1,1,0
5915,0,1,1,0
5916,0,1,0,1
5917,0,1,1,0
5918,0,1,1,0
5919,0,1,1,0
5920,0,1,1,0
5921,0,1,0,1
5922,0,1,0,1
5923,0,1,0,1
5924,0,1,1,0
5925,0,1,1,0
5926,0,1,1,0
5927,0,1,1,0
5928,0,1,1,0
5929,1,0,1,0
5930,0,1,1,0
5931,1,0,1,0
5932,0,1,1,0
5933,0,1,1,0
5934,1,0,1,0
5935,0,1,1,0
5936,0,1,1,0
5937,0,1,1,0
5938,0,1,1,0
5939,0,1,1,0
5940,0,1,1,0
5941,0,1,0,1
5942,0,1,0,1
5943,0,1,0,1
5944,0,1,0,1
5945,1,0,0,1
5946,0,1,0,1
5947,0,1,0,1
5948,0,1,1,0
5949,0,1,1,0
5950,0,1,0,1
5951,0,1,1,0
5952,0,1,1,0
5953,0,1,0,1
5954,0,1,0,1
5955,0,1,0,1
5956,0,1,0,1
5957,1,0,1,0
5958,1,0,1,0
5959,0,1,1,0
5960,0,1,1,0
5961,0,1,1,0
5962,1,0,1,0
5963,0,1,1,0
5964,0,1,1,0
5965,0,1,1,0
5966,0,1,0,1
5967,0,1,1,0
5968,0,1,1,0
5969,1,0,1,0
5970,0,1,1,0
5971,1,0,1,0
5972,1,0,1,0
5973,0,1,1,0
5974,0,1,1,0
5975,0,1,1,0
5976,0,1,1,0
5977,0,1,1,0
5978,0,1,1,0
5979,0,1,1,0
5980,0,1,0,1
5981,0,1,1,0
5982,0,1,1,0
5983,0,1,1,0
5984,0,1,0,1
5985,0,1,1,0
5986,0,1,1,0
5987,0,1,0,1
5988,0,1,1,0
5989,0,1,0,1
5990,1,0,1,0
5991,0,1,1,0
5992,0,1,1,0
5993,0,1,1,0
5994,1,0,1,0
5995,1,0,1,0
5996,0,1,1,0
5997,1,0,1,0
5998,0,1,1,0
5999,1,0,1,0
6000,0,1,0,1
6001,1,0,1,0
6002,0,1,1,0
6003,0,1,1,0
6004,1,0,1,0
6005,1,0,1,0
6006,1,0,1,0
6007,0,1,1,0
6008,0,1,1,0
6009,0,1,0,1
6010,0,1,0,1
6011,0,1,0,1
6012,0,1,1,0
6013,0,1,0,1
6014,0,1,1,0
6015,0,1,0,1
6016,1,0,1,0
6017,0,1,1,0
6018,1,0,1,0
6019,0,1,1,0
6020,0,1,1,0
6021,0,1,1,0
6022,1,0,1,0
6023,0,1,1,0
6024,0,1,0,1
6025,0,1,1,0
6026,0,1,1,0
6027,0,1,1,0
6028,0,1,1,0
6029,1,0,1,0
6030,0,1,1,0
6031,0,1,1,0
6032,0,1,1,0
6033,0,1,1,0
6034,1,0,1,0
6035,0,1,1,0
6036,0,1,0,1
6037,0,1,0,1
6038,1,0,1,0
6039,0,1,1,0
6040,1,0,1,0
6041,0,1,1,0
6042,0,1,1,0
6043,1,0,1,0
6044,0,1,0,1
6045,1,0,1,0
6046,0,1,1,0
6047,0,1,1,0
6048,0,1,0,1
6049,0,1,0,1
6050,1,0,1,0
6051,0,1,1,0
6052,0,1,1,0
6053,0,1,0,1
6054,0,1,1,0
6055,1,0,1,0
6056,1,0,1,0
6057,0,1,1,0
6058,0,1,1,0
6059,1,0,1,0
6060,0,1,0,1
6061,0,1,0,1
6062,0,1,0,1
6063,0,1,0,1
6064,0,1,0,1
6065,0,1,0,1
6066,0,1,0,1
6067,0,1,0,1
6068,0,1,1,0
6069,0,1,1,0
6070,0,1,0,1
6071,0,1,1,0
6072,0,1,0,1
6073,0,1,1,0
6074,0,1,0,1
6075,0,1,0,1
6076,0,1,0,1
6077,0,1,1,0
6078,0,1,0,1
6079,0,1,0,1
6080,0,1,0,1
6081,0,1,0,1
6082,1,0,1,0
6083,1,0,1,0
6084,0,1,1,0
6085,0,1,1,0
6086,0,1,0,1
6087,0,1,0,1
6088,0,1,1,0
6089,0,1,1,0
6090,0,1,0,1
6091,0,1,0,1
6092,0,1,1,0
6093,0,1,1,0
6094,0,1,1,0
6095,0,1,1,0
6096,0,1,1,0
6097,0,1,1,0
6098,0,1,1,0
6099,0,1,1,0
6100,0,1,0,1
6101,0,1,1,0
6102,0,1,1,0
6103,0,1,1,0
6104,0,1,0,1
6105,0,1,0,1
6106,0,1,1,0
6107,0,1,1,0
6108,0,1,0,1
6109,1,0,1,0
6110,0,1,1,0
6111,0,1,0,1
6112,0,1,0,1
6113,1,0,1,0
6114,1,0,1,0
6115,0,1,1,0
6116,0,1,1,0
6117,1,0,1,0
6118,0,1,1,0
6119,0,1,1,0
6120,0,1,0,1
6121,1,0,1,0
6122,0,1,1,0
6123,0,1,1,0
6124,1,0,1,0
6125,0,1,1,0
6126,0,1,0,1
6127,0,1,1,0
6128,0,1,1,0
6129,1,0,1,0
6130,0,1,0,1
6131,0,1,0,1
6132,0,1,0,1
6133,0,1,0,1
6134,0,1,0,1
6135,0,1,0,1
6136,1,0,1,0
6137,0,1,0,1
6138,1,0,1,0
6139,0,1,1,0
6140,0,1,0,1
6141,0,1,1,0
6142,0,1,1,0
6143,1,0,1,0
6144,0,1,0,1
6145,0,1,1,0
6146,0,1,1,0
6147,1,0,1,0
6148,1,0,1,0
6149,0,1,1,0
6150,0,1,1,0
6151,1,0,1,0
6152,1,0,1,0
6153,0,1,1,0
6154,0,1,0,1
6155,0,1,0,1
6156,0,1,0,1
6157,1,0,1,0
6158,0,1,0,1
6159,0,1,0,1
6160,0,1,1,0
6161,0,1,1,0
6162,0,1,1,0
6163,0,1,0,1
6164,1,0,1,0
6165,0,1,0,1
6166,0,1,1,0
6167,1,0,1,0
6168,0,1,1,0
6169,0,1,0,1
6170,0,1,1,0
6171,0,1,1,0
6172,0,1,1,0
6173,0,1,0,1
6174,1,0,1,0
6175,0,1,0,1
6176,0,1,1,0
6177,0,1,0,1
6178,0,1,0,1
6179,1,0,1,0
6180,1,0,1,0
6181,0,1,1,0
6182,0,1,1,0
6183,0,1,1,0
6184,0,1,1,0
6185,0,1,0,1
6186,0,1,0,1
6187,0,1,0,1
6188,0,1,0,1
6189,0,1,0,1
6190,0,1,0,1
6191,0,1,1,0
6192,0,1,0,1
6193,0,1,0,1
6194,0,1,0,1
6195,0,1,1,0
6196,0,1,1,0
6197,0,1,1,0
6198,0,1,1,0
6199,1,0,1,0
6200,0,1,0,1
6201,0,1,1,0
6202,0,1,1,0
6203,0,1,1,0
6204,0,1,1,0
6205,1,0,1,0
6206,0,1,0,1
6207,0,1,1,0
6208,0,1,0,1
6209,0,1,0,1
6210,0,1,1,0
6211,0,1,1,0
6212,0,1,0,1
6213,0,1,0,1
6214,0,1,0,1
6215,0,1,0,1
6216,0,1,0,1
6217,0,1,0,1
6218,0,1,1,0
6219,0,1,0,1
6220,0,1,0,1
6221,0,1,1,0
6222,1,0,1,0
6223,1,0,1,0
6224,0,1,1,0
6225,0,1,0,1
6226,0,1,0,1
6227,0,1,0,1
6228,0,1,0,1
6229,0,1,0,1
6230,0,1,1,0
6231,0,1,0,1
6232,0,1,0,1
6233,0,1,1,0
6234,0,1,1,0
6235,0,1,0,1
6236,0,1,0,1
6237,0,1,0,1
6238,0,1,0,1
6239,0,1,1,0
6240,0,1,0,1
6241,0,1,1,0
6242,0,1,1,0
6243,0,1,0,1
6244,0,1,0,1
6245,0,1,0,1
6246,0,1,0,1
6247,0,1,1,0
6248,1,0,1,0
6249,0,1,0,1
6250,0,1,0,1
6251,1,0,1,0
6252,1,0,1,0
6253,0,1,0,1
6254,0,1,1,0
6255,1,0,1,0
6256,0,1,1,0
6257,0,1,1,0
6258,0,1,1,0
6259,0,1,1,0
6260,0,1,0,1
6261,1,0,1,0
6262,1,0,1,0
6263,1,0,1,0
6264,1,0,1,0
6265,1,0,1,0
6266,1,0,1,0
6267,1,0,1,0
6268,0,1,1,0
6269,0,1,1,0
6270,0,1,1,0
6271,1,0,1,0
6272,1,0,1,0
6273,1,0,1,0
6274,1,0,1,0
6275,1,0,1,0
6276,0,1,1,0
6277,1,0,1,0
6278,0,1,1,0
6279,1,0,1,0
6280,0,1,1,0
6281,0,1,1,0
6282,0,1,1,0
6283,1,0,1,0
6284,0,1,1,0
6285,1,0,1,0
6286,1,0,1,0
6287,1,0,1,0
6288,0,1,1,0
6289,0,1,0,1
6290,0,1,1,0
6291,0,1,0,1
6292,0,1,1,0
6293,0,1,0,1
6294,1,0,1,0
6295,1,0,1,0
6296,1,0,1,0
6297,0,1,1,0
6298,0,1,0,1
6299,1,0,1,0
6300,0,1,1,0
6301,0,1,1,0
6302,0,1,1,0
6303,0,1,1,0
6304,1,0,1,0
6305,1,0,1,0
6306,0,1,0,1
6307,0,1,1,0
6308,0,1,1,0
6309,0,1,0,1
6310,0,1,0,1
6311,0,1,0,1
6312,0,1,0,1
6313,0,1,0,1
6314,1,0,1,0
6315,1,0,1,0
6316,0,1,1,0
6317,0,1,0,1
6318,0,1,1,0
6319,0,1,0,1
6320,0,1,0,1
6321,0,1,0,1
6322,0,1,1,0
6323,0,1,1,0
6324,0,1,1,0
6325,0,1,1,0
6326,0,1,0,1
6327,1,0,1,0
6328,0,1,1,0
6329,0,1,0,1
6330,0,1,0,1
6331,0,1,0,1
6332,0,1,1,0
6333,0,1,1,0
6334,0,1,1,0
6335,0,1,1,0
6336,0,1,1,0
6337,0,1,0,1
6338,0,1,1,0
6339,0,1,1,0
6340,1,0,1,0
6341,0,1,1,0
6342,0,1,0,1
6343,0,1,0,1
6344,0,1,0,1
6345,0,1,1,0
6346,0,1,1,0
6347,1,0,1,0
6348,1,0,1,0
6349,0,1,0,1
6350,0,1,1,0
6351,1,0,1,0
6352,0,1,1,0
6353,0,1,1,0
6354,0,1,0,1
6355,0,1,0,1
6356,0,1,0,1
6357,0,1,0,1
6358,0,1,0,1
6359,1,0,1,0
6360,0,1,1,0
6361,1,0,1,0
6362,0,1,1,0
6363,0,1,0,1
6364,0,1,0,1
6365,0,1,0,1
6366,0,1,1,0
6367,0,1,1,0
6368,0,1,1,0
6369,0,1,0,1
6370,0,1,1,0
6371,0,1,0,1
6372,0,1,1,0
6373,0,1,0,1
6374,0,1,0,1
6375,0,1,1,0
6376,0,1,1,0
6377,0,1,0,1
6378,0,1,0,1
6379,0,1,0,1
6380,0,1,0,1
6381,0,1,0,1
6382,0,1,0,1
6383,0,1,0,1
6384,0,1,0,1
6385,0,1,0,1
6386,0,1,0,1
6387,0,1,0,1
6388,0,1,0,1
6389,0,1,0,1
6390,1,0,1,0
6391,0,1,1,0
6392,0,1,1,0
6393,1,0,1,0
6394,1,0,1,0
6395,1,0,1,0
6396,0,1,1,0
6397,1,0,1,0
6398,1,0,1,0
6399,0,1,1,0
6400,1,0,1,0
6401,1,0,1,0
6402,0,1,1,0
6403,0,1,1,0
6404,1,0,1,0
6405,1,0,1,0
6406,1,0,1,0
6407,1,0,1,0
6408,0,1,0,1
6409,0,1,1,0
6410,0,1,0,1
6411,0,1,0,1
6412,0,1,0,1
6413,0,1,0,1
6414,0,1,0,1
6415,0,1,0,1
6416,0,1,1,0
6417,0,1,1,0
6418,1,0,1,0
6419,0,1,0,1
6420,1,0,1,0
6421,0,1,1,0
6422,1,0,1,0
6423,0,1,1,0
6424,1,0,1,0
6425,1,0,1,0
6426,0,1,1,0
6427,0,1,1,0
6428,1,0,0,1
6429,0,1,1,0
6430,1,0,1,0
6431,1,0,1,0
6432,1,0,1,0
6433,1,0,1,0
6434,0,1,0,1
6435,0,1,1,0
6436,1,0,1,0
6437,0,1,1,0
6438,0,1,1,0
6439,0,1,1,0
6440,0,1,0,1
6441,0,1,1,0
6442,1,0,1,0
6443,1,0,1,0
6444,1,0,1,0
6445,1,0,1,0
6446,1,0,1,0
6447,0,1,1,0
6448,0,1,1,0
6449,0,1,1,0
6450,1,0,1,0
6451,0,1,1,0
6452,0,1,0,1
6453,0,1,1,0
6454,0,1,1,0
6455,1,0,1,0
6456,1,0,1,0
6457,1,0,1,0
6458,1,0,1,0
6459,0,1,1,0
6460,0,1,1,0
6461,0,1,0,1
6462,0,1,1,0
6463,0,1,0,1
6464,0,1,1,0
6465,0,1,1,0
6466,0,1,0,1
6467,0,1,0,1
6468,0,1,1,0
6469,0,1,0,1
6470,0,1,1,0
6471,0,1,1,0
6472,0,1,1,0
6473,0,1,1,0
6474,1,0,1,0
6475,1,0,1,0
6476,0,1,0,1
6477,1,0,1,0
6478,1,0,1,0
6479,1,0,1,0
6480,0,1,1,0
6481,1,0,1,0
6482,0,1,1,0
6483,1,0,1,0
6484,0,1,0,1
6485,0,1,0,1
6486,0,1,1,0
6487,1,0,1,0
6488,0,1,1,0
6489,1,0,1,0
6490,1,0,1,0
6491,0,1,1,0
6492,1,0,1,0
6493,0,1,1,0
6494,0,1,0,1
6495,0,1,1,0
6496,1,0,1,0
6497,0,1,1,0
6498,0,1,1,0
6499,1,0,1,0
6500,1,0,1,0
6501,0,1,0,1
6502,0,1,1,0
6503,0,1,0,1
6504,1,0,1,0
6505,0,1,1,0
6506,0,1,1,0
6507,0,1,0,1
6508,0,1,0,1
6509,0,1,0,1
6510,0,1,0,1
6511,0,1,0,1
6512,0,1,0,1
6513,0,1,0,1
6514,0,1,0,1
6515,0,1,0,1
6516,0,1,0,1
6517,0,1,1,0
6518,0,1,0,1
6519,0,1,0,1
6520,0,1,0,1
6521,0,1,0,1
6522,0,1,0,1
6523,0,1,0,1
6524,0,1,0,1
6525,0,1,0,1
6526,1,0,1,0
6527,0,1,0,1
6528,0,1,1,0
6529,0,1,1,0
6530,0,1,0,1
6531,0,1,1,0
6532,0,1,1,0
6533,0,1,1,0
6534,0,1,1,0
6535,0,1,1,0
6536,1,0,1,0
6537,0,1,0,1
6538,0,1,1,0
6539,0,1,0,1
6540,0,1,0,1
6541,0,1,1,0
6542,0,1,1,0
6543,0,1,0,1
6544,1,0,1,0
6545,0,1,1,0
6546,0,1,0,1
6547,0,1,1,0
6548,0,1,1,0
6549,1,0,1,0
6550,0,1,1,0
6551,0,1,0,1
6552,0,1,0,1
6553,0,1,1,0
6554,0,1,1,0
6555,0,1,1,0
6556,0,1,1,0
6557,0,1,1,0
6558,1,0,1,0
6559,0,1,0,1
6560,1,0,1,0
6561,1,0,1,0
6562,1,0,1,0
6563,1,0,1,0
6564,0,1,1,0
6565,0,1,0,1
6566,0,1,1,0
6567,1,0,1,0
6568,0,1,1,0
6569,0,1,0,1
6570,0,1,0,1
6571,0,1,1,0
6572,0,1,1,0
6573,0,1,0,1
6574,0,1,0,1
6575,0,1,0,1
6576,0,1,0,1
6577,0,1,0,1
6578,0,1,0,1
6579,0,1,0,1
6580,0,1,0,1
6581,0,1,0,1
6582,0,1,1,0
6583,0,1,0,1
6584,1,0,1,0
6585,0,1,1,0
6586,0,1,1,0
6587,0,1,0,1
6588,0,1,1,0
6589,0,1,0,1
6590,0,1,1,0
6591,0,1,0,1
6592,0,1,0,1
6593,0,1,0,1
6594,0,1,0,1
6595,1,0,1,0
6596,1,0,1,0
6597,0,1,0,1
6598,0,1,1,0
6599,0,1,0,1
6600,0,1,0,1
6601,0,1,1,0
6602,1,0,1,0
6603,0,1,0,1
6604,0,1,0,1
6605,0,1,1,0
6606,0,1,1,0
6607,0,1,1,0
6608,0,1,1,0
6609,0,1,1,0
6610,0,1,0,1
6611,0,1,0,1
6612,0,1,1,0
6613,1,0,1,0
6614,0,1,0,1
6615,0,1,0,1
6616,0,1,1,0
6617,0,1,0,1
6618,0,1,0,1
6619,0,1,0,1
6620,0,1,1,0
6621,0,1,0,1
6622,0,1,0,1
6623,0,1,1,0
6624,0,1,1,0
6625,0,1,0,1
6626,0,1,0,1
6627,0,1,0,1
6628,0,1,0,1
6629,0,1,0,1
6630,0,1,1,0
6631,0,1,1,0
6632,0,1,1,0
6633,1,0,1,0
6634,0,1,1,0
6635,0,1,1,0
6636,0,1,1,0
6637,1,0,1,0
6638,0,1,1,0
6639,0,1,0,1
6640,0,1,0,1
6641,1,0,1,0
6642,1,0,1,0
6643,0,1,0,1
6644,0,1,0,1
6645,0,1,0,1
6646,0,1,1,0
6647,0,1,0,1
6648,0,1,1,0
6649,0,1,0,1
6650,0,1,0,1
6651,0,1,0,1
6652,0,1,0,1
6653,0,1,0,1
6654,0,1,0,1
6655,0,1,0,1
6656,0,1,0,1
6657,0,1,0,1
6658,0,1,0,1
6659,0,1,0,1
6660,0,1,0,1
6661,0,1,0,1
6662,0,1,0,1
6663,0,1,0,1
6664,0,1,0,1
6665,0,1,0,1
6666,0,1,0,1
6667,0,1,0,1
6668,0,1,0,1
6669,0,1,0,1
6670,0,1,0,1
6671,0,1,0,1
6672,0,1,0,1
6673,0,1,0,1
6674,0,1,0,1
6675,0,1,0,1
6676,0,1,0,1
6677,0,1,0,1
6678,0,1,0,1
6679,0,1,0,1
6680,0,1,0,1
6681,0,1,1,0
6682,0,1,0,1
6683,0,1,0,1
6684,0,1,0,1
6685,0,1,0,1
6686,0,1,0,1
6687,0,1,0,1
6688,0,1,1,0
6689,0,1,0,1
6690,0,1,1,0
6691,0,1,0,1
6692,0,1,0,1
6693,0,1,0,1
6694,0,1,0,1
6695,0,1,0,1
6696,0,1,0,1
6697,1,0,1,0
6698,0,1,0,1
6699,0,1,1,0
6700,0,1,1,0
6701,0,1,1,0
6702,0,1,0,1
6703,0,1,0,1
6704,0,1,1,0
6705,1,0,1,0
6706,0,1,0,1
6707,0,1,1,0
6708,0,1,1,0
6709,0,1,1,0
6710,0,1,1,0
6711,0,1,0,1
6712,0,1,1,0
6713,0,1,1,0
6714,0,1,1,0
6715,0,1,0,1
6716,0,1,1,0
6717,1,0,1,0
6718,0,1,1,0
6719,0,1,0,1
6720,0,1,0,1
6721,0,1,1,0
6722,0,1,0,1
6723,0,1,1,0
6724,0,1,1,0
6725,0,1,0,1
6726,0,1,1,0
6727,1,0,1,0
6728,1,0,1,0
6729,0,1,1,0
6730,0,1,1,0
6731,1,0,1,0
6732,0,1,1,0
6733,1,0,0,1
6734,0,1,1,0
6735,1,0,1,0
6736,1,0,1,0
6737,0,1,0,1
6738,0,1,0,1
6739,1,0,1,0
6740,0,1,1,0
6741,0,1,1,0
6742,1,0,1,0
6743,0,1,1,0
6744,0,1,1,0
6745,0,1,0,1
6746,1,0,1,0
6747,0,1,0,1
6748,0,1,1,0
6749,0,1,1,0
6750,0,1,1,0
6751,0,1,1,0
6752,0,1,1,0
6753,0,1,1,0
6754,0,1,1,0
6755,1,0,0,1
6756,0,1,1,0
6757,0,1,1,0
6758,1,0,1,0
6759,0,1,0,1
6760,1,0,1,0
6761,0,1,1,0
6762,0,1,1,0
6763,0,1,1,0
6764,0,1,1,0
6765,1,0,1,0
6766,0,1,0,1
6767,1,0,1,0
6768,0,1,0,1
6769,0,1,0,1
6770,0,1,0,1
6771,0,1,1,0
6772,1,0,0,1
6773,0,1,1,0
6774,1,0,1,0
6775,0,1,1,0
6776,0,1,0,1
6777,0,1,0,1
6778,0,1,0,1
6779,0,1,0,1
6780,0,1,0,1
6781,0,1,1,0
6782,1,0,1,0
6783,0,1,0,1
6784,0,1,0,1
6785,0,1,1,0
6786,0,1,1,0
6787,0,1,0,1
6788,0,1,1,0
6789,0,1,1,0
6790,0,1,0,1
6791,0,1,0,1
6792,0,1,0,1
6793,1,0,1,0
6794,1,0,1,0
6795,0,1,0,1
6796,1,0,1,0
6797,0,1,0,1
6798,0,1,0,1
6799,0,1,0,1
6800,0,1,1,0
6801,0,1,1,0
6802,0,1,0,1
6803,0,1,0,1
6804,0,1,0,1
6805,0,1,0,1
6806,0,1,0,1
6807,0,1,0,1
6808,0,1,0,1
6809,0,1,0,1
6810,0,1,0,1
6811,0,1,0,1
6812,0,1,0,1
6813,0,1,0,1
6814,0,1,0,1
6815,0,1,0,1
6816,0,1,0,1
6817,0,1,0,1
6818,0,1,0,1
6819,0,1,0,1
6820,0,1,0,1
6821,0,1,0,1
6822,0,1,0,1
6823,0,1,0,1
6824,0,1,0,1
6825,1,0,1,0
6826,0,1,1,0
6827,0,1,1,0
6828,1,0,0,1
6829,0,1,0,1
6830,0,1,0,1
6831,0,1,0,1
6832,0,1,1,0
6833,0,1,0,1
6834,0,1,0,1
6835,0,1,0,1
6836,1,0,1,0
6837,0,1,0,1
6838,0,1,1,0
6839,0,1,1,0
6840,0,1,1,0
6841,0,1,0,1
6842,0,1,0,1
6843,0,1,0,1
6844,0,1,1,0
6845,0,1,0,1
6846,0,1,0,1
6847,0,1,0,1
6848,0,1,0,1
6849,0,1,0,1
6850,0,1,0,1
6851,0,1,0,1
6852,1,0,1,0
6853,1,0,0,1
6854,0,1,1,0
6855,0,1,0,1
6856,0,1,0,1
6857,0,1,0,1
6858,0,1,0,1
6859,0,1,0,1
6860,0,1,0,1
6861,0,1,0,1
6862,0,1,0,1
6863,0,1,0,1
6864,0,1,0,1
6865,0,1,1,0
6866,0,1,0,1
6867,0,1,0,1
6868,0,1,0,1
6869,0,1,0,1
6870,0,1,1,0
6871,0,1,0,1
6872,0,1,0,1
6873,0,1,0,1
6874,0,1,0,1
6875,0,1,0,1
6876,0,1,0,1
6877,0,1,1,0
6878,0,1,1,0
6879,0,1,0,1
6880,0,1,0,1
6881,0,1,1,0
6882,0,1,0,1
6883,0,1,0,1
6884,0,1,0,1
6885,0,1,1,0
6886,1,0,1,0
6887,0,1,0,1
6888,0,1,1,0
6889,0,1,1,0
6890,0,1,0,1
6891,0,1,0,1
6892,0,1,0,1
6893,0,1,0,1
6894,0,1,0,1
6895,0,1,0,1
6896,0,1,1,0
6897,0,1,0,1
6898,1,0,1,0
6899,0,1,0,1
6900,0,1,0,1
6901,0,1,0,1
6902,0,1,0,1
6903,0,1,1,0
6904,0,1,0,1
6905,1,0,1,0
6906,0,1,0,1
6907,0,1,0,1
6908,0,1,0,1
6909,0,1,0,1
6910,0,1,0,1
6911,0,1,0,1
6912,0,1,0,1
6913,0,1,0,1
6914,0,1,0,1
6915,0,1,0,1
6916,0,1,1,0
6917,0,1,1,0
6918,0,1,1,0
6919,0,1,1,0
6920,1,0,1,0
6921,0,1,1,0
6922,0,1,1,0
6923,1,0,1,0
6924,0,1,0,1
6925,0,1,1,0
6926,1,0,0,1
6927,0,1,0,1
6928,0,1,0,1
6929,0,1,1,0
6930,0,1,0,1
6931,0,1,0,1
6932,0,1,1,0
6933,0,1,1,0
6934,1,0,1,0
6935,1,0,1,0
6936,1,0,1,0
6937,1,0,1,0
6938,1,0,1,0
6939,1,0,1,0
6940,1,0,1,0
6941,0,1,1,0
6942,1,0,1,0
6943,0,1,1,0
6944,0,1,1,0
6945,0,1,0,1
6946,0,1,1,0
6947,0,1,1,0
6948,0,1,0,1
6949,0,1,1,0
6950,0,1,0,1
6951,0,1,0,1
6952,0,1,0,1
6953,0,1,1,0
6954,0,1,0,1
6955,0,1,0,1
6956,0,1,0,1
6957,0,1,1,0
6958,0,1,1,0
6959,1,0,1,0
6960,0,1,1,0
6961,0,1,1,0
6962,0,1,1,0
6963,1,0,1,0
6964,0,1,1,0
6965,0,1,0,1
6966,0,1,1,0
6967,0,1,0,1
6968,0,1,0,1
6969,0,1,1,0
6970,0,1,1,0
6971,0,1,1,0
6972,0,1,1,0
6973,0,1,1,0
6974,0,1,1,0
6975,0,1,0,1
6976,1,0,1,0
6977,0,1,1,0
6978,0,1,0,1
6979,0,1,1,0
6980,0,1,1,0
6981,0,1,0,1
6982,1,0,1,0
6983,0,1,1,0
6984,0,1,0,1
6985,0,1,0,1
6986,0,1,0,1
6987,1,0,1,0
6988,0,1,1,0
6989,0,1,1,0
6990,0,1,1,0
6991,0,1,1,0
6992,1,0,1,0
6993,0,1,0,1
6994,0,1,0,1
6995,1,0,1,0
6996,0,1,1,0
6997,0,1,1,0
6998,0,1,0,1
6999,0,1,0,1
7000,0,1,0,1
7001,0,1,0,1
7002,0,1,0,1
7003,0,1,0,1
7004,1,0,1,0
7005,0,1,0,1
7006,0,1,0,1
7007,0,1,0,1
7008,0,1,0,1
7009,0,1,0,1
7010,0,1,0,1
7011,0,1,0,1
7012,0,1,0,1
7013,0,1,0,1
7014,0,1,0,1
7015,0,1,1,0
7016,0,1,0,1
7017,0,1,1,0
7018,0,1,0,1
7019,0,1,0,1
7020,0,1,1,0
7021,0,1,0,1
7022,0,1,0,1
7023,0,1,1,0
7024,1,0,1,0
7025,0,1,1,0
7026,1,0,1,0
7027,0,1,1,0
7028,0,1,1,0
7029,0,1,1,0
7030,1,0,1,0
7031,0,1,0,1
7032,0,1,0,1
7033,0,1,0,1
7034,1,0,1,0
7035,1,0,0,1
7036,1,0,1,0
7037,1,0,1,0
7038,1,0,1,0
7039,0,1,1,0
7040,1,0,1,0
7041,0,1,0,1
7042,1,0,1,0
7043,0,1,1,0
7044,0,1,0,1
7045,0,1,0,1
7046,0,1,0,1
7047,0,1,0,1
7048,0,1,0,1
7049,0,1,1,0
7050,0,1,0,1
7051,0,1,0,1
7052,0,1,0,1
7053,0,1,0,1
7054,0,1,0,1
7055,0,1,1,0
7056,0,1,0,1
7057,0,1,1,0
7058,1,0,1,0
7059,0,1,0,1
7060,0,1,0,1
7061,0,1,0,1
7062,0,1,0,1
7063,0,1,0,1
7064,0,1,1,0
7065,0,1,1,0
7066,1,0,1,0
7067,0,1,1,0
7068,0,1,1,0
7069,0,1,0,1
7070,0,1,1,0
7071,0,1,1,0
7072,0,1,0,1
7073,0,1,0,1
7074,0,1,1,0
7075,0,1,1,0
7076,0,1,1,0
7077,0,1,1,0
7078,0,1,1,0
7079,0,1,1,0
7080,0,1,0,1
7081,0,1,1,0
7082,0,1,1,0
7083,0,1,0,1
7084,0,1,1,0
7085,0,1,0,1
7086,0,1,0,1
7087,0,1,0,1
7088,0,1,0,1
7089,1,0,1,0
7090,0,1,0,1
7091,0,1,0,1
7092,0,1,1,0
7093,0,1,1,0
7094,0,1,0,1
7095,0,1,1,0
7096,0,1,0,1
7097,0,1,0,1
7098,0,1,1,0
7099,0,1,1,0
7100,0,1,0,1
7101,0,1,1,0
7102,0,1,1,0
7103,0,1,0,1
7104,0,1,1,0
7105,0,1,1,0
7106,0,1,0,1
7107,1,0,1,0
7108,0,1,1,0
7109,0,1,0,1
7110,0,1,1,0
7111,0,1,0,1
7112,0,1,1,0
7113,0,1,1,0
7114,0,1,1,0
7115,0,1,0,1
7116,0,1,0,1
7117,0,1,1,0
7118,1,0,1,0
7119,0,1,1,0
7120,1,0,1,0
7121,0,1,1,0
7122,1,0,1,0
7123,0,1,0,1
7124,0,1,1,0
7125,0,1,1,0
7126,0,1,1,0
7127,1,0,1,0
7128,0,1,1,0
7129,0,1,0,1
7130,0,1,0,1
7131,0,1,0,1
7132,0,1,1,0
7133,0,1,0,1
7134,0,1,0,1
7135,0,1,0,1
7136,0,1,1,0
7137,0,1,0,1
7138,0,1,1,0
7139,0,1,0,1
7140,0,1,0,1
7141,0,1,1,0
7142,1,0,1,0
7143,0,1,0,1
7144,0,1,1,0
7145,0,1,0,1
7146,0,1,0,1
7147,1,0,1,0
7148,0,1,0,1
7149,0,1,0,1
7150,0,1,0,1
7151,0,1,1,0
7152,1,0,1,0
7153,1,0,1,0
7154,0,1,0,1
7155,0,1,1,0
7156,0,1,1,0
7157,0,1,0,1
7158,0,1,0,1
7159,0,1,0,1
7160,0,1,0,1
7161,0,1,1,0
7162,0,1,0,1
7163,0,1,1,0
7164,0,1,1,0
7165,0,1,1,0
7166,0,1,1,0
7167,0,1,0,1
7168,0,1,1,0
7169,0,1,1,0
7170,0,1,1,0
7171,0,1,1,0
7172,1,0,1,0
7173,0,1,1,0
7174,0,1,1,0
7175,1,0,1,0
7176,0,1,1,0
7177,0,1,0,1
7178,0,1,1,0
7179,0,1,1,0
7180,0,1,1,0
7181,0,1,1,0
7182,0,1,1,0
7183,0,1,0,1
7184,0,1,1,0
7185,0,1,0,1
7186,1,0,1,0
7187,0,1,0,1
7188,0,1,1,0
7189,1,0,1,0
7190,1,0,1,0
7191,1,0,1,0
7192,0,1,1,0
7193,0,1,1,0
7194,0,1,0,1
7195,0,1,1,0
7196,0,1,1,0
7197,0,1,1,0
7198,0,1,0,1
7199,0,1,1,0
7200,1,0,1,0
7201,0,1,0,1
7202,1,0,1,0
7203,0,1,0,1
7204,0,1,0,1
7205,0,1,0,1
7206,0,1,0,1
7207,0,1,0,1
7208,0,1,0,1
7209,0,1,1,0
7210,0,1,1,0
7211,1,0,0,1
7212,0,1,1,0
7213,0,1,0,1
7214,0,1,1,0
7215,0,1,1,0
7216,0,1,1,0
7217,0,1,0,1
7218,0,1,0,1
7219,0,1,1,0
7220,0,1,1,0
7221,0,1,1,0
7222,0,1,1,0
7223,1,0,1,0
7224,0,1,0,1
7225,0,1,1,0
7226,0,1,0,1
7227,0,1,0,1
7228,0,1,1,0
7229,0,1,0,1
7230,1,0,1,0
7231,0,1,1,0
7232,0,1,1,0
7233,1,0,1,0
7234,0,1,1,0
7235,1,0,1,0
7236,0,1,0,1
7237,0,1,0,1
7238,0,1,1,0
7239,1,0,1,0
7240,1,0,1,0
7241,0,1,1,0
7242,0,1,0,1
7243,0,1,1,0
7244,0,1,1,0
7245,1,0,1,0
7246,0,1,1,0
7247,0,1,0,1
7248,0,1,1,0
7249,0,1,1,0
7250,1,0,1,0
7251,0,1,0,1
7252,0,1,1,0
7253,0,1,1,0
7254,0,1,0,1
7255,0,1,0,1
7256,0,1,1,0
7257,0,1,0,1
7258,0,1,0,1
7259,0,1,0,1
7260,1,0,1,0
7261,0,1,1,0
7262,1,0,1,0
7263,1,0,1,0
7264,0,1,1,0
7265,0,1,1,0
7266,0,1,1,0
7267,0,1,1,0
7268,0,1,1,0
7269,0,1,1,0
7270,0,1,1,0
7271,0,1,1,0
7272,0,1,0,1
7273,1,0,1,0
7274,1,0,1,0
7275,0,1,1,0
7276,1,0,1,0
7277,0,1,1,0
7278,0,1,0,1
7279,0,1,0,1
7280,0,1,1,0
7281,0,1,1,0
7282,0,1,0,1
7283,0,1,0,1
7284,0,1,0,1
7285,0,1,0,1
7286,1,0,1,0
7287,0,1,1,0
7288,0,1,0,1
7289,0,1,1,0
7290,0,1,0,1
7291,0,1,0,1
7292,0,1,0,1
7293,0,1,0,1
7294,0,1,0,1
7295,0,1,0,1
7296,1,0,0,1
7297,0,1,0,1
7298,0,1,0,1
7299,0,1,0,1
7300,0,1,1,0
7301,0,1,0,1
7302,0,1,0,1
7303,0,1,0,1
7304,0,1,0,1
7305,1,0,1,0
7306,0,1,1,0
7307,0,1,1,0
7308,0,1,0,1
7309,0,1,1,0
7310,1,0,1,0
7311,0,1,1,0
7312,1,0,1,0
7313,1,0,1,0
7314,0,1,0,1
7315,1,0,1,0
7316,0,1,0,1
7317,0,1,1,0
7318,0,1,1,0
7319,0,1,0,1
7320,1,0,1,0
7321,1,0,1,0
